       0
       0
       0
       0
       0
       0
       0
       0
       0
       0
       0
       0
       0
       0
       0
       0
       0
       0
       0
       0
       0
       0
       0
       0
       0
       0
       0
       0
       0
       0
       0
       0
       0
       0
       0
       0
       0
       0
       0
       0
       0
       0
       0
       0
       3
       5
    1189
   24317
   21802
   18693
   18982
   20053
   21263
   22534
   23505
   23900
   24254
   24432
   24035
   23808
   23597
   23201
   23043
   22554
   22426
   22234
   22010
   21871
   22073
   21495
   21437
   21519
   20859
   21448
   21105
   21037
   21215
   20944
   20854
   20797
   20886
   20825
   20612
   20713
   20925
   20637
   20687
   20327
   20664
   20798
   20473
   20536
   20393
   20569
   20723
   20384
   20529
   20524
   20199
   20363
   20314
   20185
   20165
   20133
   19889
   19713
   19734
   19281
   19007
   19307
   19195
   18843
   18631
   18114
   17711
   17716
   17521
   17131
   17447
   16964
   17218
   17005
   17040
   17097
   17954
   18281
   18038
   17560
   17321
   17104
   16728
   16355
   16104
   15895
   16175
   16062
   16043
   15961
   15853
   15776
   16034
   15630
   15681
   15901
   15603
   15644
   15698
   15791
   15669
   15592
   15447
   15446
   15713
   15406
   15348
   15412
   15395
   14846
   15322
   15105
   15383
   15166
   15318
   15186
   15138
   15177
   15280
   15334
   15305
   15073
   15400
   15195
   15198
   15073
   15225
   15179
   14922
   15010
   15094
   15288
   15460
   15224
   15458
   15775
   15646
   15169
   15372
   15223
   15424
   15372
   15759
   15390
   15477
   15706
   15502
   15523
   15490
   15888
   15694
   16275
   16216
   16128
   15797
   16290
   16310
   16876
   17175
   17024
   16603
   16291
   16201
   16125
   16226
   16695
   16307
   16455
   16583
   16430
   16576
   16807
   17111
   17100
   17040
   17486
   17677
   17868
   18353
   18815
   18997
   19079
   19289
   19677
   19478
   19658
   19858
   19663
   19615
   19425
   19860
   20312
   20216
   20248
   19991
   20040
   19879
   20141
   20674
   20344
   20611
   20535
   20830
   20753
   21189
   21498
   21441
   21781
   22046
   22115
   22350
   22238
   22503
   22419
   22774
   22967
   23027
   22912
   22923
   22690
   22688
   22964
   22683
   22415
   22413
   22496
   22342
   22027
   22279
   21985
   22055
   21483
   22044
   21992
   22003
   21844
   22039
   22155
   22243
   22597
   22524
   22966
   22747
   23090
   22984
   23545
   23619
   23795
   24036
   24218
   24252
   24234
   24568
   24721
   24847
   25064
   25540
   25533
   25944
   25966
   25794
   26031
   26598
   26567
   27083
   27302
   27262
   27438
   27754
   27960
   28212
   28393
   28731
   29166
   29842
   30975
   32187
   33951
   36311
   39256
   43723
   50094
   65650
  117571
  279821
  628944
  966921
  911706
  522160
  197444
   63277
   26957
   18937
   17341
   17078
   16684
   16940
   16780
   16776
   16708
   16526
   16634
   16597
   16654
   16235
   16377
   16309
   16458
   16404
   16215
   16233
   16339
   16238
   16231
   16174
   16521
   16154
   16276
   16321
   16125
   16333
   16484
   16321
   16243
   16300
   16202
   16329
   16098
   16257
   16306
   16525
   16400
   16259
   16311
   16664
   16792
   16671
   16748
   16577
   16626
   16534
   16488
   16491
   16619
   16965
   16639
   16705
   16759
   16987
   17078
   17261
   17342
   17164
   17577
   17900
   17825
   18201
   18917
   18631
   18969
   18144
   18100
   17875
   17824
   17993
   17625
   17703
   17670
   17842
   17622
   17897
   17487
   17776
   17507
   17657
   17567
   17497
   17707
   17350
   17471
   17446
   17396
   17428
   17586
   17493
   17492
   17513
   17249
   17569
   17409
   17581
   17466
   17417
   17364
   17508
   17196
   17730
   17623
   17318
   17391
   17334
   17547
   17326
   17577
   17525
   17354
   17478
   17535
   17347
   17227
   17520
   17412
   17385
   16967
   17573
   17166
   17565
   17465
   17494
   17172
   17365
   17310
   17355
   17131
   17267
   17393
   17340
   17124
   17417
   17277
   17336
   17366
   17670
   17304
   17316
   17360
   17615
   17505
   17299
   17557
   17501
   17589
   17700
   17745
   17666
   17708
   17491
   17594
   17712
   17780
   17683
   17580
   17777
   17343
   17925
   17905
   17551
   17886
   17785
   18052
   17958
   18194
   18316
   18240
   18240
   18201
   18008
   18055
   17786
   18133
   18046
   18119
   17926
   18290
   18284
   18164
   18186
   18070
   18346
   18369
   18250
   18323
   18309
   18079
   18240
   17924
   17984
   18079
   17986
   17738
   17385
   17586
   17238
   17256
   17176
   17073
   16971
   16801
   16627
   16419
   16388
   16263
   16046
   16082
   15957
   15884
   15553
   15883
   15770
   15614
   15623
   15762
   15553
   15364
   15475
   15423
   15434
   15608
   15305
   15413
   15322
   15428
   15421
   15153
   15558
   15199
   15311
   15478
   15554
   14988
   15024
   14858
   15134
   15208
   15385
   15117
   14829
   14702
   14779
   14252
   14281
   14332
   14124
   14287
   14258
   14491
   14166
   14205
   14291
   14033
   13970
   14198
   13896
   13938
   14042
   13776
   13696
   13497
   13742
   13568
   13594
   13590
   13652
   13456
   13407
   13539
   13248
   13297
   13160
   13239
   13094
   13132
   13213
   13196
   13245
   13007
   12708
   12907
   12896
   13030
   12966
   12963
   12705
   12981
   12878
   12766
   12653
   12791
   12770
   12561
   12546
   12710
   12655
   12575
   12453
   12361
   12422
   12484
   12342
   12703
   12683
   12527
   12628
   13008
   13427
   14598
   15060
   14459
   13288
   12883
   12627
   12926
   13247
   13351
   14066
   15005
   16039
   17477
   22136
   36862
   79189
  157680
  230033
  221515
  141865
   64705
   26457
   14423
   11422
   10981
   10928
   10999
   10951
   10903
   10926
   10740
   10705
   10769
   10991
   11186
   11739
   12391
   12313
   11697
   10974
   10486
   10561
   10298
   10302
   10282
   10213
   10214
   10176
   10238
   10313
   10175
   10372
   10107
   10092
   10066
   10433
   10089
   10092
   10059
   10098
   10078
   10126
   10261
    9983
   10165
   10077
    9952
   10124
    9935
   10064
    9992
   10024
    9893
    9890
    9900
    9628
    9857
    9858
    9760
    9964
    9868
    9999
    9841
    9933
   10033
   10134
   10520
   10590
   11264
   11720
   12054
   11126
   10310
   10048
    9876
    9921
    9846
    9736
   10005
   10140
   10369
   10717
   10542
   10294
    9985
    9856
    9751
    9789
    9611
    9694
    9551
    9535
    9597
    9679
    9647
    9699
    9717
    9558
    9437
    9465
    9605
    9471
    9329
    9368
    9408
    9422
    9290
    9421
    9582
    9658
    9773
    9670
    9560
    9273
    9486
    9449
    9362
    9361
    9233
    9188
    9221
    9171
    9151
    9151
    9403
    9337
    9166
    9323
    9173
    9334
    9246
    9461
    9619
   10106
   11056
   14091
   17576
   20745
   20354
   16350
   12287
    9960
    9202
    9104
    9007
    9004
    9102
    9142
    9317
    9065
    9062
    9067
    9120
    8951
    8825
    8910
    9024
    9044
    8776
    8839
    8702
    8835
    8895
    8754
    8865
    8726
    8957
    8808
    8845
    8859
    8716
    8810
    8675
    8709
    8732
    8708
    8772
    8822
    8748
    8567
    8596
    8711
    8716
    8827
    8726
    8738
    8701
    8801
    9185
    9635
    9859
    9706
    9320
    9109
    8749
    8636
    8636
    8557
    8591
    8440
    8614
    8494
    8571
    8661
    8690
    8443
    8487
    8517
    8521
    8582
    8464
    8494
    8532
    8565
    9116
    9525
   10264
   10274
    9436
    8970
    8445
    8725
    8439
    8552
    8820
    8919
    9328
   10063
   11136
   11173
   10863
    9705
    8975
    8650
    8466
    8437
    8452
    8475
    8189
    8354
    8283
    8293
    8299
    8518
    8433
    8266
    8264
    8227
    8225
    8295
    8532
    8556
    8942
    8989
    9166
    8920
    9096
    9372
   10098
   10921
   11946
   12979
   15027
   17804
   22781
   36479
   77407
  187207
  386857
  580349
  596138
  413991
  199552
   71150
   23299
   10316
    7565
    6923
    6725
    6681
    6622
    6487
    6553
    6531
    6310
    6678
    6626
    6698
    7165
    7978
    8476
    8575
    7756
    6953
    6591
    6245
    6314
    6191
    6351
    6270
    6296
    6242
    6470
    6254
    6348
    6425
    6212
    6178
    6119
    6232
    6230
    6200
    6247
    6035
    6123
    6060
    6109
    6196
    6043
    6226
    6194
    6143
    6252
    6154
    6185
    6237
    6237
    6566
    6772
    7281
    8296
   11107
   16170
   22271
   24375
   20197
   13399
    8764
    6764
    6023
    6151
    5919
    6041
    5978
    5835
    5859
    5850
    5858
    6000
    5952
    6087
    5877
    5892
    6071
    5862
    5795
    6040
    5842
    5840
    5840
    5892
    6025
    5797
    5818
    5815
    5959
    5868
    5858
    5785
    5812
    5781
    5826
    5712
    5918
    5813
    5947
    5854
    5777
    5885
    5795
    6150
    6092
    6283
    6437
    6459
    6225
    5916
    5993
    5877
    5834
    5783
    5898
    5781
    5788
    5712
    5684
    5739
    5809
    5796
    5866
    5728
    5845
    5805
    5708
    5774
    5628
    5775
    5731
    5765
    5754
    5814
    5611
    5676
    5713
    5876
    5732
    5768
    5720
    5719
    5608
    5624
    5752
    5717
    5695
    5590
    5728
    5674
    5649
    5568
    5652
    5576
    5686
    5747
    5770
    5727
    5741
    5690
    5678
    5759
    5675
    5718
    5861
    5960
    5866
    6004
    6033
    6419
    7249
    8875
   13223
   24220
   39208
   49515
   44841
   29895
   16174
    9065
    6356
    5677
    5577
    5618
    5633
    5811
    6278
    7027
    7557
    7363
    6917
    6119
    5858
    5483
    5593
    5427
    5344
    5551
    5512
    5366
    5388
    5428
    5482
    5445
    5614
    5423
    5533
    5434
    5519
    5518
    5529
    5525
    5495
    5547
    5456
    5465
    5523
    5483
    5465
    5549
    5418
    5559
    5436
    5408
    5539
    5484
    5353
    5546
    5373
    5385
    5532
    5444
    5417
    5397
    5405
    5416
    5334
    5451
    5474
    5293
    5546
    5456
    5416
    5547
    5440
    5429
    5415
    5398
    5505
    5630
    5434
    5511
    5507
    5592
    5668
    5661
    5839
    6110
    6357
    6632
    7689
   10881
   18832
   34847
   54144
   62680
   52587
   33096
   16663
    8879
    6380
    5517
    5305
    5285
    5358
    5470
    5526
    5382
    5463
    5362
    5210
    5395
    5391
    5335
    5431
    5344
    5268
    5419
    5229
    5302
    5360
    5432
    5369
    5434
    5404
    5293
    5315
    5430
    5279
    5362
    5395
    5330
    5226
    5446
    5330
    5325
    5297
    5288
    5360
    5258
    5398
    5456
    5416
    5354
    5538
    5584
    5564
    5700
    5379
    5569
    5528
    5593
    5211
    5340
    5490
    5372
    5261
    5300
    5394
    5333
    5378
    5180
    5299
    5181
    5207
    5403
    5328
    5291
    5284
    5326
    5193
    5371
    5393
    5409
    5295
    5258
    5356
    5571
    5379
    5338
    5397
    5419
    5353
    5394
    5431
    5428
    5327
    5350
    5367
    5406
    5404
    5383
    5372
    5318
    5345
    5217
    5425
    5340
    5715
    5650
    5792
    5744
    5481
    5378
    5477
    5468
    5290
    5301
    5321
    5268
    5425
    5438
    5667
    5964
    6844
    8518
   10909
   12191
   11382
    9418
    7047
    5996
    5605
    5295
    5341
    5421
    5355
    5473
    5593
    5623
    6006
    5958
    5783
    5779
    5587
    5385
    5319
    5463
    5593
    5414
    5376
    5350
    5283
    5432
    5292
    5371
    5361
    5395
    5387
    5457
    5483
    5318
    5372
    5561
    5820
    6129
    7058
    7574
    7940
    7117
    6330
    5696
    5415
    5366
    5405
    5372
    5439
    5333
    5352
    5440
    5514
    5520
    5397
    5678
    5833
    6082
    6365
    6815
    6821
    6578
    6282
    6140
    5819
    5638
    5508
    5551
    5581
    5445
    5476
    5473
    5378
    5386
    5445
    5366
    5362
    5392
    5398
    5452
    5401
    5646
    5590
    5822
    6018
    6397
    6179
    5832
    5604
    5526
    5547
    5465
    5589
    5615
    5534
    5583
    5499
    5467
    5412
    5523
    5433
    5511
    5610
    5753
    5573
    5619
    5552
    5471
    5523
    5498
    5731
    5569
    5405
    5454
    5329
    5442
    5644
    5488
    5423
    5502
    5580
    5659
    5971
    6160
    6099
    5949
    5877
    5648
    5546
    5617
    5458
    5492
    5559
    5402
    5582
    5520
    5471
    5584
    5525
    5544
    5672
    5470
    5498
    5591
    5531
    5544
    5571
    5612
    5447
    5456
    5619
    5515
    5698
    5579
    5617
    5505
    5645
    5629
    5778
    5636
    5560
    5724
    5580
    5552
    5570
    5539
    5536
    5634
    5612
    5554
    5650
    5483
    5650
    5563
    5578
    5586
    5487
    5666
    5736
    5671
    5657
    5654
    5758
    5824
    5819
    5887
    5802
    5822
    5813
    5765
    5715
    5682
    5730
    5879
    5563
    5725
    5680
    5640
    5949
    5984
    6068
    6849
    7880
    9901
   11861
   12877
   11705
    9684
    7649
    7064
    7161
    7665
    7660
    7256
    6582
    6097
    5918
    5908
    5719
    5677
    5710
    5818
    5736
    5690
    6002
    5771
    5732
    5728
    5932
    5851
    5717
    5892
    5794
    5725
    5845
    5932
    5912
    5737
    5814
    5690
    5646
    5779
    5834
    5702
    5862
    5744
    5723
    5825
    5642
    5863
    5675
    5755
    5703
    5940
    6119
    6389
    6758
    7160
    7205
    6678
    6356
    6223
    6381
    7558
    9433
   11378
   11748
   10395
    8579
    6833
    5811
    5535
    5362
    5347
    5259
    5407
    5184
    5281
    5295
    5173
    5215
    5259
    5238
    5244
    5120
    5112
    5129
    5150
    5158
    5067
    5222
    5153
    5163
    5233
    5180
    5130
    5084
    5135
    5094
    5103
    5036
    4997
    4996
    5018
    5134
    5074
    4970
    5044
    5098
    5021
    4933
    4990
    5163
    4977
    5102
    5171
    5024
    4942
    5009
    4977
    5065
    5097
    4945
    5048
    5040
    5239
    5771
    6380
    6765
    7077
    6627
    5894
    5464
    5068
    5116
    5024
    4953
    4953
    4850
    4997
    4902
    4958
    4997
    4795
    5066
    5047
    5142
    5106
    5020
    4932
    4919
    4890
    4782
    4930
    4865
    4950
    4975
    4969
    4896
    4858
    4927
    4929
    4926
    4802
    4902
    5028
    4966
    4850
    4867
    4960
    4885
    4846
    4974
    4894
    4884
    4860
    4930
    4848
    4856
    4992
    4855
    4851
    4896
    4858
    4921
    4953
    4827
    4979
    4856
    4988
    4799
    4954
    4843
    4876
    4845
    4880
    4953
    4877
    4857
    4854
    4987
    4888
    4888
    4902
    4763
    4753
    4857
    4938
    4898
    4879
    4840
    4997
    4804
    4841
    4792
    4742
    4868
    4725
    4831
    4729
    4895
    4840
    4818
    4888
    4948
    4994
    4896
    4992
    4820
    4855
    4833
    4842
    4918
    4796
    4779
    4683
    4626
    4874
    4805
    4929
    4761
    4775
    4804
    4763
    4693
    4839
    4896
    4960
    4823
    4836
    4804
    4950
    4844
    5057
    5121
    5540
    6229
    6546
    6699
    6112
    5629
    5255
    4897
    4761
    4805
    4844
    4853
    4838
    4739
    4785
    4848
    4872
    4969
    4952
    4776
    4896
    4855
    4934
    4895
    4768
    4959
    5004
    4963
    4998
    4951
    4722
    4769
    4701
    4750
    4781
    4628
    4758
    4667
    4841
    4801
    4805
    4928
    4845
    5055
    4904
    4792
    4752
    4855
    4825
    5245
    5824
    6610
    6928
    6925
    6340
    5581
    5210
    4964
    4885
    5420
    6226
    7720
    9497
   10315
    9938
    8202
    6414
    5389
    4942
    4683
    4596
    4590
    4654
    4521
    4662
    4660
    4592
    4740
    4641
    4723
    4663
    4839
    4846
    4918
    5075
    5163
    5627
    6745
    8936
   12101
   14598
   14813
   12390
    9206
    6605
    5296
    4786
    4586
    4652
    4634
    4660
    4643
    4657
    4602
    4705
    4749
    4547
    4591
    4709
    4561
    4689
    4610
    4572
    4673
    4592
    4585
    4608
    4621
    4633
    4668
    4604
    4653
    4638
    4611
    4658
    4640
    4765
    4641
    4721
    4727
    4784
    4622
    4806
    4796
    4684
    4665
    4742
    4728
    4761
    4710
    4765
    4730
    4612
    4672
    4762
    4813
    4707
    4673
    4869
    4715
    4747
    4790
    4847
    4989
    5147
    5494
    5906
    5682
    5602
    5374
    4933
    4805
    4734
    4862
    4691
    4819
    4812
    4900
    4821
    4884
    5182
    5629
    6493
    7632
    8574
    8489
    7545
    6303
    5597
    5082
    4822
    4849
    4949
    4671
    4971
    4912
    5141
    4994
    4871
    4842
    4965
    4788
    4735
    4780
    4961
    5107
    5138
    5267
    5255
    4945
    4841
    4691
    4817
    4819
    4886
    4879
    4815
    4863
    4735
    4842
    4858
    4904
    4856
    4947
    4864
    4848
    4980
    4793
    4891
    5000
    4837
    4838
    4786
    4935
    4977
    4899
    4838
    4896
    4893
    4988
    4878
    4892
    4910
    4899
    4895
    4938
    5002
    4818
    4956
    4837
    4982
    4904
    4912
    4798
    4995
    4900
    4871
    4939
    4921
    4785
    4889
    4769
    4988
    5001
    5007
    4928
    5014
    4881
    4898
    4891
    5048
    5025
    4828
    4904
    4851
    5014
    4968
    5013
    4923
    4906
    4895
    5056
    5228
    5186
    5030
    5124
    5142
    5094
    4889
    4909
    4969
    4873
    4727
    4755
    4757
    4703
    4760
    4785
    4625
    4702
    4688
    4713
    4758
    4787
    4767
    4996
    5468
    5894
    6555
    6682
    6549
    5859
    5175
    4658
    4523
    4547
    4775
    4877
    5387
    5691
    5695
    5560
    5041
    4762
    4428
    4360
    4522
    4398
    4493
    4447
    4572
    4469
    4349
    4420
    4482
    4535
    4858
    5085
    5265
    5932
    6642
    8334
   12467
   23109
   44765
   81290
  121135
  142865
  130102
   91784
   51389
   23681
   10605
    6085
    4696
    4369
    4297
    4091
    4173
    4215
    4207
    4001
    4201
    4232
    4218
    4330
    4112
    4124
    4190
    4099
    4106
    4200
    4121
    4159
    4123
    4102
    4111
    4084
    4069
    3947
    4086
    4125
    4113
    4142
    4049
    4053
    4097
    4132
    4217
    4337
    4596
    4494
    4448
    4319
    4179
    4144
    4108
    4017
    4024
    3976
    4040
    4137
    4037
    4025
    4092
    4055
    3940
    4154
    4061
    3885
    4031
    4014
    4011
    3998
    4062
    4015
    3941
    4150
    4223
    4251
    4258
    4176
    4237
    4149
    4075
    4123
    4114
    4159
    4166
    4483
    4959
    5731
    6702
    7570
    7260
    6561
    5361
    4677
    4338
    4129
    4035
    4117
    4041
    4033
    4038
    4027
    3942
    3944
    4005
    3941
    3895
    4035
    4052
    3967
    4003
    4008
    4077
    3980
    3968
    4081
    4029
    4091
    4065
    3989
    4058
    3957
    4048
    4122
    4028
    4038
    4122
    4015
    4012
    4053
    3979
    4013
    4093
    4024
    3976
    4063
    4076
    4098
    3995
    4018
    4039
    4092
    4062
    3986
    4086
    4071
    4117
    4027
    4048
    4044
    4074
    3897
    4111
    4105
    3966
    4013
    4029
    4038
    4045
    4017
    4121
    4104
    4046
    4073
    4031
    4045
    4168
    4285
    4274
    4244
    4453
    4567
    4967
    5492
    5748
    5668
    5319
    4805
    4394
    4147
    4122
    4066
    4185
    4036
    4026
    3964
    4195
    4104
    4234
    4152
    4108
    4071
    4152
    4133
    4131
    4156
    3985
    4078
    4103
    4100
    4182
    4158
    4231
    4081
    4167
    4102
    4106
    4188
    4134
    4164
    4210
    4291
    4234
    4261
    4093
    4183
    4161
    4148
    4008
    4136
    4027
    4090
    4284
    4180
    4244
    4319
    4352
    4272
    4329
    4378
    4205
    4251
    4319
    4214
    4368
    4390
    4507
    4783
    5002
    5761
    7597
   11806
   20019
   31001
   41346
   44677
   38935
   27279
   16250
    9248
    5837
    4644
    4301
    4299
    4312
    4197
    4314
    4337
    4234
    4348
    4227
    4224
    4274
    4337
    4091
    4138
    4086
    4147
    4218
    4058
    4148
    4025
    4086
    4053
    4047
    4029
    4106
    4133
    3942
    3924
    4035
    3920
    3971
    3927
    3911
    3877
    3899
    3908
    3923
    3815
    3784
    3807
    3865
    3804
    3874
    3804
    3772
    3682
    3921
    3622
    3785
    3686
    3846
    3695
    3783
    3669
    3723
    3842
    3830
    3715
    3618
    3708
    3762
    3795
    3692
    3767
    3737
    3758
    3738
    3802
    3881
    3930
    3892
    4036
    4164
    4249
    4134
    4200
    4062
    3952
    3982
    3861
    3736
    3862
    3827
    4104
    4244
    4289
    4289
    4124
    3839
    3621
    3522
    3479
    3477
    3425
    3358
    3412
    3343
    3332
    3399
    3285
    3279
    3303
    3205
    3162
    3253
    3172
    3088
    3315
    3162
    3368
    3494
    3867
    4125
    4013
    3870
    3596
    3139
    3185
    3067
    3000
    3037
    3007
    3012
    3077
    2952
    2995
    2989
    2994
    3046
    3142
    3363
    3836
    4557
    5693
    6582
    6800
    6253
    5212
    4212
    3458
    3129
    3026
    2945
    2947
    2938
    2887
    3050
    2970
    3021
    3130
    3447
    3968
    4597
    5188
    5257
    4983
    4249
    3588
    3116
    2932
    2983
    2860
    3043
    3157
    3300
    3558
    3500
    3377
    3021
    2972
    2959
    2784
    2788
    2852
    2895
    2807
    2849
    2858
    2892
    2763
    2815
    2782
    2746
    2787
    2807
    2675
    2751
    2725
    2700
    2686
    2722
    2691
    2663
    2681
    2672
    2642
    2668
    2705
    2570
    2741
    2826
    2751
    2681
    2686
    2670
    2678
    2705
    2634
    2618
    2657
    2596
    2740
    2728
    2644
    2645
    2584
    2680
    2690
    2727
    2712
    2647
    2647
    2719
    2631
    2671
    2592
    2588
    2579
    2505
    2645
    2565
    2483
    2488
    2591
    2576
    2602
    2591
    2627
    2652
    2635
    2587
    2765
    2820
    2791
    2882
    2900
    3011
    3288
    3663
    4454
    5481
    7908
   13828
   26980
   50979
   83797
  115561
  128700
  115185
   82417
   47832
   22739
   10071
    4710
    2994
    2541
    2532
    2606
    2755
    2916
    3059
    2925
    2809
    2660
    2441
    2397
    2434
    2305
    2282
    2305
    2333
    2367
    2403
    2442
    2279
    2384
    2417
    2324
    2300
    2207
    2197
    2186
    2187
    2207
    2220
    2168
    2140
    2169
    2086
    2195
    2138
    2175
    2244
    2148
    2221
    2230
    2135
    2166
    2119
    2178
    2102
    2188
    2129
    2113
    2123
    2088
    2100
    2083
    2034
    2039
    2199
    2166
    2206
    2131
    2154
    2273
    2326
    2209
    2382
    2373
    2370
    2168
    2080
    2025
    2035
    2092
    1994
    2023
    1960
    2058
    2085
    2118
    2071
    2104
    2128
    2128
    2116
    2060
    2055
    2044
    2036
    2002
    2025
    1989
    2059
    2000
    2024
    2052
    2054
    2022
    2061
    2077
    2073
    2078
    2336
    2791
    3716
    4912
    6404
    7421
    7416
    6124
    4698
    3190
    2461
    2035
    1962
    2019
    1903
    1845
    1955
    1869
    1954
    1895
    1876
    1929
    1837
    1875
    1956
    1866
    1855
    1953
    1868
    1913
    1897
    1925
    1945
    1874
    1939
    1916
    1849
    1877
    1878
    1904
    1879
    1863
    1893
    1812
    1913
    1882
    1909
    1864
    1893
    1849
    1892
    1922
    1890
    1874
    1897
    1937
    1904
    1844
    1851
    1871
    1896
    1898
    1827
    1948
    1805
    1833
    1922
    1947
    1927
    1818
    1823
    1821
    1936
    1862
    1891
    1915
    1887
    1880
    1887
    1900
    1870
    1828
    1810
    1981
    1870
    1813
    1912
    1827
    1878
    1823
    1937
    1859
    1903
    1815
    1934
    1930
    1891
    1813
    1920
    1911
    1890
    1757
    1880
    1876
    1936
    2003
    1947
    1909
    1896
    1861
    1931
    1942
    1939
    1847
    1932
    1844
    1893
    1914
    1869
    1787
    1832
    1910
    1897
    1877
    1887
    1897
    1908
    1917
    1886
    1908
    1899
    1956
    1921
    1863
    1884
    1869
    1888
    1875
    1908
    1911
    1838
    1932
    1958
    1895
    1889
    1877
    1995
    1875
    1838
    1920
    1928
    1981
    1877
    1898
    1880
    1944
    1924
    1867
    2007
    1870
    1919
    1945
    1884
    1944
    1980
    1865
    1867
    1866
    1987
    1971
    1941
    1850
    1907
    1958
    1917
    1952
    1892
    1935
    1965
    1929
    1976
    1865
    1999
    2039
    2001
    1921
    2006
    1976
    1998
    1925
    1916
    2020
    1948
    1941
    2042
    1970
    2001
    1923
    2029
    1965
    1966
    1966
    2056
    1935
    1964
    2082
    2055
    2015
    2048
    2017
    2078
    2022
    2132
    2059
    2179
    2402
    2532
    2942
    3420
    4426
    6677
   11879
   21752
   38814
   59069
   75911
   80346
   68401
   47767
   27790
   14178
    7254
    5412
    6702
    9391
   12820
   15057
   15018
   12345
    8559
    5439
    3325
    2384
    2158
    1939
    1949
    1895
    1902
    1899
    1925
    1871
    1890
    1875
    1865
    1978
    1917
    1922
    1917
    1903
    1963
    1921
    1872
    1924
    1977
    1879
    1887
    1890
    1891
    1896
    1909
    1911
    1953
    1831
    1914
    1913
    1898
    2057
    1937
    1947
    2017
    1993
    1895
    2026
    2095
    2227
    2504
    2726
    3226
    4013
    4762
    5610
    6998
   10757
   18949
   34777
   58001
   84524
  101750
  100867
   81028
   53782
   29145
   13433
    6196
    3156
    2370
    2074
    1887
    1865
    1870
    1810
    1928
    1955
    1941
    1980
    1947
    2072
    2088
    2391
    2352
    2449
    2382
    2224
    2154
    2150
    2097
    2162
    2361
    2335
    2198
    2077
    2000
    1914
    1910
    1929
    1877
    1986
    1922
    1917
    1986
    1897
    2009
    1954
    1977
    1989
    1939
    1934
    1920
    1929
    1857
    1979
    1871
    1870
    1944
    1890
    1944
    1945
    1934
    1947
    1847
    1916
    1898
    1970
    1984
    1945
    2011
    1944
    2022
    1992
    1988
    1904
    1954
    1974
    1934
    2066
    2034
    1939
    2059
    1925
    1911
    1952
    1982
    1976
    1950
    2001
    2078
    2069
    2019
    1922
    2045
    1966
    2034
    2005
    1960
    2037
    2007
    2061
    1957
    1972
    2028
    2004
    2008
    1992
    1976
    2049
    2038
    2017
    2025
    2000
    2025
    2044
    2076
    2012
    2006
    2079
    2112
    2065
    2137
    2011
    2077
    2083
    2022
    2126
    1981
    2152
    2043
    2138
    2048
    2071
    2027
    2164
    2151
    2083
    2041
    2013
    2067
    2122
    2106
    2109
    2101
    2112
    2077
    2108
    2093
    2119
    2103
    2155
    2139
    2114
    2138
    2043
    2212
    2169
    2114
    2177
    2172
    2338
    2393
    2357
    2312
    2380
    2326
    2175
    2209
    2233
    2186
    2254
    2087
    2191
    2189
    2188
    2096
    2143
    2144
    2143
    2132
    2102
    2253
    2165
    2124
    2178
    2072
    2100
    2224
    2140
    2139
    2142
    2164
    2191
    2181
    2139
    2097
    2141
    2187
    2099
    2173
    2069
    2142
    2042
    2143
    2029
    2055
    2093
    2104
    1989
    2001
    2084
    2024
    2020
    1993
    1942
    1912
    1877
    1929
    1887
    1868
    1750
    1770
    1724
    1703
    1782
    1725
    1625
    1669
    1662
    1672
    1596
    1585
    1598
    1577
    1625
    1639
    1619
    1594
    1589
    1544
    1474
    1519
    1498
    1511
    1534
    1495
    1495
    1497
    1514
    1531
    1466
    1505
    1538
    1472
    1457
    1478
    1436
    1563
    1503
    1485
    1441
    1483
    1472
    1459
    1498
    1501
    1462
    1464
    1593
    1579
    1682
    1935
    2641
    3663
    5643
    7909
   10210
   10945
   10058
    8038
    5397
    3407
    2169
    1667
    1434
    1371
    1373
    1347
    1313
    1384
    1327
    1294
    1302
    1290
    1299
    1342
    1268
    1310
    1247
    1321
    1259
    1329
    1282
    1313
    1356
    1266
    1326
    1297
    1298
    1279
    1338
    1240
    1242
    1281
    1166
    1278
    1272
    1186
    1253
    1289
    1254
    1270
    1245
    1193
    1202
    1179
    1266
    1259
    1264
    1164
    1256
    1327
    1316
    1413
    1321
    1330
    1289
    1180
    1227
    1153
    1211
    1111
    1198
    1292
    1304
    1340
    1334
    1351
    1257
    1281
    1097
    1183
    1103
    1169
    1164
    1184
    1155
    1103
    1148
    1151
    1154
    1152
    1074
    1047
    1043
    1040
    1055
    1125
    1066
    1117
    1086
    1083
    1101
    1250
    1367
    1597
    1859
    2181
    2270
    2237
    1936
    1585
    1243
    1094
    1103
     981
    1027
     940
     986
     905
    1023
     973
     971
    1005
     950
     925
     992
     959
     926
     951
     941
     935
     930
     995
     932
    1006
    1063
    1080
    1089
    1182
    1131
    1074
     998
     938
     878
     906
     918
     878
     900
     882
     842
     879
     887
     881
     926
     856
     789
     823
     803
     824
     787
     790
     803
     821
     834
     879
     791
     812
     841
     792
     840
     768
     875
     976
     944
    1058
    1033
     932
     871
     876
     788
     805
     766
     727
     742
     695
     757
     790
     782
     749
     714
     759
     754
     728
     773
     695
     686
     761
     661
     717
     687
     681
     694
     677
     695
     713
     650
     712
     648
     658
     642
     650
     682
     684
     664
     648
     606
     665
     643
     677
     731
     788
     859
    1016
    1212
    1224
    1239
    1087
     858
     796
     652
     655
     621
     710
     707
     857
    1125
    1479
    2608
    4109
    6464
    9036
   10566
   10768
    9065
    6315
    4092
    2129
    1168
     772
     620
     580
     556
     560
     528
     514
     514
     501
     484
     501
     467
     545
     500
     478
     520
     473
     479
     468
     475
     497
     456
     435
     504
     491
     491
     437
     482
     475
     493
     475
     479
     456
     455
     418
     502
     490
     467
     445
     468
     489
     458
     410
     452
     445
     417
     432
     423
     408
     400
     417
     416
     450
     405
     413
     381
     411
     393
     379
     430
     392
     401
     376
     443
     377
     394
     393
     376
     406
     405
     374
     392
     425
     365
     366
     409
     395
     422
     366
     412
     371
     406
     417
     388
     390
     404
     399
     428
     398
     396
     426
     390
     391
     369
     328
     342
     356
     377
     364
     343
     370
     377
     340
     361
     298
     344
     361
     345
     346
     349
     349
     366
     368
     350
     359
     343
     355
     312
     347
     328
     323
     369
     370
     338
     395
     414
     447
     419
     442
     411
     409
     392
     355
     307
     353
     342
     349
     306
     353
     314
     331
     331
     335
     359
     339
     353
     352
     377
     317
     358
     323
     333
     328
     276
     297
     338
     330
     322
     318
     312
     322
     329
     286
     329
     343
     315
     368
     388
     420
     404
     482
     492
     427
     401
     369
     360
     321
     332
     344
     328
     327
     330
     285
     299
     325
     327
     320
     296
     277
     307
     296
     280
     304
     340
     308
     303
     295
     294
     302
     287
     330
     321
     327
     327
     330
     340
     384
     431
     436
     401
     384
     333
     330
     332
     316
     303
     296
     334
     279
     279
     304
     278
     291
     340
     313
     293
     301
     366
     335
     306
     331
     313
     273
     344
     308
     280
     322
     313
     309
     323
     321
     339
     314
     329
     302
     333
     345
     317
     303
     300
     299
     317
     300
     320
     331
     344
     325
     328
     325
     306
     335
     320
     331
     327
     340
     346
     316
     304
     356
     359
     362
     377
     373
     419
     388
     446
     497
     507
     579
     767
     924
    1295
    1869
    2974
    5041
    9213
   18017
   33665
   56896
   85502
  110149
  121599
  112136
   87802
   57698
   31863
   14890
    5984
    2209
     812
     433
     313
     292
     265
     248
     254
     254
     227
     244
     257
     238
     212
     229
     221
     231
     212
     182
     204
     197
     184
     189
     187
     213
     169
     185
     196
     204
     150
     161
     185
     180
     168
     181
     168
     174
     174
     180
     170
     151
     159
     168
     195
     168
     176
     155
     156
     177
     170
     168
     179
     163
     146
     166
     163
     159
     154
     144
     149
     175
     167
     181
     200
     154
     191
     177
     176
     184
     162
     151
     177
     146
     151
     158
     152
     163
     155
     136
     132
     157
     143
     136
     141
     149
     150
     152
     114
     159
     137
     146
     144
     140
     118
     158
     143
     155
     155
     124
     127
     164
     137
     146
     123
     139
     143
     139
     138
     165
     158
     141
     127
     151
     147
     156
     137
     153
     148
     172
     176
     198
     214
     340
     442
     756
    1141
    1801
    2468
    2950
    2992
    2768
    2366
    2055
    2450
    3440
    4986
    6546
    7557
    7193
    6215
    4149
    2489
    1279
     629
     306
     182
     147
     118
     120
     125
     108
      99
      90
     106
      84
     122
     124
     105
      99
      99
      94
     103
      99
     101
      91
     109
     102
     106
     129
     106
      93
      82
     100
     109
      93
      95
      94
     103
      96
     105
     104
      84
      83
      97
      89
      94
     105
     113
      99
     114
      86
     103
      97
      95
      97
     103
      93
      95
      86
      97
     112
     114
      84
     102
      94
     103
     104
     103
     103
     107
      89
      95
      95
     106
      91
      96
     101
      98
      98
      87
      96
      95
     100
      78
      94
      89
      96
     101
      96
     115
     115
     111
     122
     113
     112
     110
     124
      90
      98
      84
      89
      87
      78
      83
      85
     104
      82
     122
      98
      97
     110
     113
     100
      89
     112
      96
      92
     104
     104
     113
      89
      80
      88
      89
     105
     108
     110
     144
     137
     141
     142
     148
     137
      96
     110
     105
      90
      85
      95
     102
     101
     104
      82
      96
     104
     110
      89
      94
      81
      88
     106
      75
      98
      95
      92
      83
      92
      90
      70
      93
      87
      97
      87
      87
     117
      88
      90
      92
      92
     103
      92
     104
     111
     128
     140
     220
     270
     449
     769
    1073
    1404
    1464
    1477
    1323
    1053
     783
     631
     432
     328
     226
     137
     107
      87
      76
      77
      76
      72
      73
      71
      70
      67
      64
      73
      74
      74
      73
      79
      87
      99
     103
      74
      76
      86
      96
      85
      71
      76
      72
      62
      71
      74
      74
      81
      80
      79
      71
      53
      72
      91
      56
      73
      79
      76
      87
      58
      62
      75
      57
      82
      63
      70
      73
      71
      54
      66
      64
      75
      61
      81
      61
      56
      57
      78
      68
      67
      69
      72
      68
      71
      58
      77
      67
      71
      70
      66
      61
      72
      60
      69
      62
      54
      69
      66
      63
      60
      67
      68
      68
      56
      70
      64
      54
      53
      60
      56
      53
      54
      70
      65
      68
      55
      68
      58
      64
      62
      59
      66
      75
      58
      61
      64
      57
      55
      60
      79
      61
      68
      69
      72
      85
      47
      55
      52
      62
      51
      67
      50
      73
      58
      81
      79
      74
      81
      89
      91
      90
      75
      60
      73
      74
      78
      75
      76
      83
      83
      57
      64
      56
      59
      55
      76
      87
      81
     136
     146
     133
     141
     140
      99
      78
      70
      63
      87
      76
      83
     116
     129
     131
     118
     110
      85
      82
      90
      70
      94
      52
      61
      70
      74
      71
      73
      62
      66
      75
      87
      62
      61
      68
      61
      56
      68
      52
      41
      54
      61
      65
      63
      66
      61
      75
      82
     101
      90
     109
     109
      86
      65
      71
      86
      78
      75
      78
      83
      76
      63
      52
      70
      60
      57
      83
      63
      61
      67
      60
      72
      59
      62
      57
      57
      61
      56
      54
      58
      63
      45
      66
      47
      57
      62
      64
      77
      59
      86
      89
     125
     109
     104
      77
      70
      59
      67
      58
      70
      59
      56
      58
      70
      57
      51
      48
      66
      52
      58
      72
      53
      55
      71
      71
      74
      81
      91
      85
     109
     109
      88
      81
      64
      62
      54
      46
      49
      57
      56
      57
      47
      63
      60
      53
      60
      71
      62
      67
      78
      53
      64
      64
      62
      48
      61
      53
      66
      57
      74
      56
      84
      91
     103
      80
      84
      65
      63
      64
      40
      56
      70
      70
      72
      81
      70
      69
      74
      66
      57
      55
      51
      63
      66
      57
      55
      55
      50
      54
      54
      59
      50
      56
      40
      45
      44
      48
      58
      44
      57
      45
      51
      48
      54
      42
      44
      51
      54
      63
      67
      72
      58
      70
      75
      64
      59
      49
      54
      54
      45
      36
      36
      50
      45
      57
      52
      45
      51
      47
      66
      47
      58
      37
      43
      44
      55
      44
      41
      47
      46
      53
      43
      35
      53
      43
      45
      47
      52
      46
      46
      50
      39
      51
      45
      54
      40
      43
      46
      57
      54
      39
      42
      47
      36
      47
      44
      54
      45
      44
      55
      51
      40
      45
      41
      52
      46
      56
      58
      38
      39
      40
      46
      47
      44
      39
      40
      35
      39
      38
      44
      48
      37
      53
      57
      42
      57
      56
      42
      45
      54
      46
      54
      39
      49
      34
      39
      37
      40
      48
      47
      61
      44
      32
      48
      49
      35
      59
      44
      40
      42
      35
      40
      51
      54
      56
      48
      52
      48
      37
      45
      44
      47
      46
      50
      39
      48
      46
      53
      38
      42
      46
      44
      40
      41
      41
      45
      44
      35
      56
      53
      50
      47
      44
      37
      48
      50
      49
      36
      38
      45
      37
      41
      53
      49
      41
      38
      43
      45
      48
      37
      38
      35
      45
      35
      50
      46
      48
      40
      39
      47
      40
      42
      42
      47
      39
      49
      56
      65
      61
      47
      50
      49
      58
      41
      65
      82
      90
     101
     116
     109
      98
      98
      73
      66
      48
      35
      33
      38
      39
      41
      39
      40
      50
      39
      48
      40
      32
      53
      29
      42
      47
      40
      47
      41
      38
      41
      42
      37
      35
      38
      34
      54
      33
      44
      34
      45
      31
      39
      44
      39
      36
      41
      38
      49
      47
      45
      44
      42
      43
      40
      49
      46
      48
      54
      52
      44
      28
      59
      45
      43
      49
      51
      47
      43
      39
      44
      37
      31
      38
      36
      44
      32
      35
      47
      35
      33
      41
      47
      48
      38
      49
      51
      41
      54
      50
      48
      55
      66
      72
     122
     153
     234
     341
     396
     456
     410
     333
     263
     173
     119
      90
      65
      54
      51
      62
      66
      78
      77
      77
      63
      54
      55
      43
      39
      39
      32
      44
      31
      36
      44
      31
      31
      42
      41
      40
      38
      41
      45
      38
      41
      54
      45
      62
      74
      79
      62
      63
      43
      41
      35
      44
      44
      34
      39
      34
      36
      43
      35
      46
      33
      35
      30
      43
      36
      44
      36
      38
      43
      39
      44
      36
      22
      36
      31
      40
      35
      36
      37
      33
      51
      41
      37
      33
      45
      26
      43
      27
      38
      29
      30
      31
      42
      32
      47
      39
      42
      33
      37
      40
      32
      25
      42
      42
      30
      34
      24
      34
      31
      43
      31
      31
      36
      36
      35
      39
      36
      36
      39
      30
      43
      44
      22
      29
      37
      52
      33
      40
      43
      29
      29
      36
      31
      42
      37
      32
      30
      27
      35
      36
      36
      33
      35
      32
      42
      30
      25
      34
      41
      36
      36
      26
      34
      37
      35
      34
      30
      43
      31
      26
      40
      32
      36
      31
      46
      31
      37
      36
      39
      34
      25
      26
      40
      30
      26
      39
      31
      41
      44
      32
      39
      32
      38
      36
      34
      36
      43
      41
      47
      31
      38
      45
      25
      26
      34
      33
      38
      40
      36
      30
      23
      36
      38
      40
      40
      32
      40
      46
      33
      32
      34
      45
      33
      38
      27
      39
      27
      36
      29
      28
      36
      39
      35
      38
      27
      36
      42
      51
      46
      77
      79
      80
      72
      83
      77
      69
      56
      28
      40
      33
      39
      28
      32
      26
      26
      37
      46
      22
      38
      39
      28
      30
      28
      28
      36
      33
      27
      36
      37
      37
      23
      32
      29
      39
      30
      32
      31
      45
      29
      31
      28
      30
      39
      38
      38
      25
      33
      37
      38
      26
      41
      39
      33
      18
      43
      21
      25
      37
      27
      31
      29
      34
      34
      29
      25
      38
      37
      43
      34
      32
      36
      37
      47
      42
      45
      41
      36
      37
      33
      32
      28
      30
      31
      26
      40
      34
      36
      32
      32
      22
      41
      44
      29
      31
      27
      33
      38
      23
      31
      30
      33
      33
      17
      33
      29
      32
      28
      38
      34
      41
      39
      28
      44
      30
      39
      27
      43
      37
      29
      37
      36
      39
      31
      26
      35
      20
      34
      36
      26
      23
      41
      27
      32
      39
      36
      32
      38
      31
      42
      38
      30
      28
      28
      36
      33
      32
      32
      29
      27
      24
      33
      30
      27
      33
      31
      36
      29
      41
      31
      38
      29
      36
      29
      25
      21
      25
      43
      25
      28
      29
      33
      27
      31
      34
      30
      35
      38
      26
      39
      36
      33
      27
      39
      33
      34
      23
      28
      40
      21
      29
      24
      24
      36
      31
      26
      36
      34
      35
      42
      37
      34
      30
      34
      18
      34
      16
      30
      24
      25
      39
      27
      25
      22
      31
      30
      26
      28
      36
      21
      36
      35
      16
      28
      37
      18
      31
      32
      33
      36
      33
      39
      29
      32
      32
      23
      22
      27
      29
      21
      33
      23
      28
      37
      44
      27
      25
      28
      37
      26
      36
      30
      27
      38
      31
      25
      30
      32
      35
      39
      45
      41
      52
      45
      35
      38
      29
      39
      33
      34
      34
      27
      26
      27
      34
      37
      32
      20
      40
      19
      33
      25
      41
      35
      41
      35
      34
      27
      31
      38
      27
      41
      28
      34
      23
      25
      23
      28
      26
      24
      33
      34
      33
      31
      30
      34
      30
      26
      39
      23
      30
      41
      31
      29
      23
      20
      23
      30
      26
      23
      24
      39
      30
      33
      32
      32
      39
      33
      35
      35
      27
      35
      31
      29
      40
      22
      28
      27
      27
      32
      36
      27
      27
      40
      31
      24
      25
      35
      36
      15
      43
      24
      28
      31
      26
      34
      34
      35
      33
      28
      33
      31
      29
      27
      31
      15
      33
      24
      32
      30
      33
      36
      32
      25
      18
      22
      30
      23
      29
      26
      26
      30
      25
      35
      23
      23
      21
      28
      25
      31
      19
      31
      23
      29
      22
      25
      35
      38
      19
      31
      39
      18
      29
      30
      25
      32
      34
      20
      29
      22
      23
      33
      16
      29
      25
      24
      25
      21
      27
      34
      38
      26
      44
      27
      36
      25
      22
      26
      35
      19
      35
      36
      24
      29
      28
      26
      27
      29
      21
      28
      29
      24
      20
      29
      20
      36
      23
      30
      23
      33
      19
      19
      26
      22
      23
      30
      34
      28
      33
      26
      18
      26
      18
      19
      32
      25
      23
      28
      25
      23
      30
      26
      34
      23
      27
      27
      37
      30
      29
      27
      29
      23
      35
      23
      29
      35
      28
      23
      23
      26
      31
      21
      28
      16
      27
      23
      26
      23
      19
      27
      21
      34
      30
      34
      32
      35
      22
      20
      32
      25
      31
      29
      23
      32
      27
      24
      21
      26
      22
      24
      25
      23
      31
      29
      31
      31
      17
      27
      25
      20
      27
      30
      25
      24
      23
      17
      31
      22
      30
      28
      22
      31
      35
      28
      31
      29
      25
      31
      24
      26
      36
      33
      29
      27
      16
      29
      16
      33
      28
      28
      26
      33
      36
      24
      32
      22
      23
      29
      26
      28
      31
      17
      22
      21
      22
      20
      33
      26
      24
      31
      23
      32
      27
      21
      20
      32
      27
      24
      24
      32
      37
      26
      28
      26
      35
      22
      18
      30
      21
      27
      25
      25
      26
      27
      23
      24
      30
      19
      28
      21
      27
      29
      23
      23
      27
      30
      20
      33
      29
      23
      20
      27
      32
      32
      33
      29
      20
      36
      23
      26
      16
      36
      32
      32
      27
      23
      11
      32
      23
      20
      21
      36
      31
      22
      27
      21
      17
      21
      26
      22
      16
      29
      27
      23
      26
      28
      23
      27
      19
      27
      26
      23
      24
      24
      22
      24
      34
      21
      20
      25
      21
      25
      23
      36
      30
      33
      31
      36
      20
      31
      28
      26
      23
      25
      25
      21
      26
      23
      31
      28
      34
      16
      34
      29
      37
      39
      47
      62
      74
      82
      94
      97
     107
      87
      97
      83
      64
      54
      51
      42
      25
      27
      27
      23
      28
      16
      22
      18
      20
      24
      34
      30
      29
      23
      20
      14
      20
      29
      28
      24
      32
      21
      28
      22
      26
      24
      30
      19
      26
      40
      35
      43
      49
      47
      58
      42
      38
      38
      26
      22
      28
      19
      25
      24
      21
      37
      16
      16
      24
      27
      23
      18
      30
      28
      25
      21
      16
      32
      21
      27
      22
      19
      17
      31
      23
      27
      36
      22
      29
      22
      28
      19
      23
      26
      23
      30
      20
      26
      17
      21
      23
      24
      28
      22
      27
      17
      30
      23
      21
      33
      34
      20
      20
      27
      17
      21
      22
      21
      23
      20
      25
      24
      26
      17
      17
      18
      29
      23
      22
      28
      22
      22
      21
      20
      18
      27
      19
      18
      21
      22
      19
      27
      20
      28
      25
      21
      25
      31
      26
      27
      28
      29
      21
      16
      21
      27
      20
      29
      22
      27
      20
      23
      23
      23
      16
      27
      20
      24
      19
      23
      15
      20
      26
      34
      26
      20
      25
      25
      23
      21
      18
      21
      34
      21
      26
      28
      20
      17
      16
      26
      22
      24
      27
      27
      18
      19
      25
      21
      18
      21
      25
      19
      24
      24
      28
      20
      31
      27
      31
      26
      17
      23
      20
      22
      24
      14
      16
      30
      30
      22
      14
      30
      28
      31
      31
      18
      25
      28
      27
      23
      26
      26
      35
      26
      31
      32
      33
      23
      37
      28
      26
      20
      21
      25
      18
      30
      26
      17
      21
      19
      29
      25
      23
      26
      24
      24
      24
      30
      25
      27
      29
      19
      30
      26
      21
      27
      21
      18
      27
      26
      25
      27
      17
      21
      23
      32
      19
      35
      36
      32
      28
      38
      48
      47
      68
      97
     108
     145
     138
     122
      97
      73
      51
      42
      23
      29
      17
      25
      26
      20
      21
      26
      33
      16
      24
      32
      22
      25
      15
      19
      30
      29
      12
      20
      23
      26
      24
      26
      33
      27
      15
      23
      31
      14
      20
      29
      26
      14
      22
      19
      17
      26
      23
      38
      34
      34
      38
      51
      69
      79
      94
      72
      52
      51
      39
      29
      30
      18
      23
      26
      18
      19
      28
      22
      30
      21
      28
      20
      18
      16
      36
      20
      26
      26
      17
      24
      26
      23
      24
      18
      16
      23
      28
      22
      31
      25
      24
      19
      31
      27
      24
      20
      17
      19
      30
      17
      32
      12
      22
      26
      14
      14
      14
      20
      18
      22
      22
      17
      22
      19
      15
      11
      24
      26
      22
      23
      20
      28
      20
      25
      22
      21
      14
      23
      18
      20
      24
      32
      17
      29
      24
      27
      21
      19
      24
      20
      20
      21
      28
      27
      24
      16
      24
      30
      16
      18
      25
      21
      11
      19
      25
      25
      22
      45
      24
      30
      21
      24
      20
      29
      21
      16
      19
      36
      11
      26
      22
      14
      24
      20
      21
      29
      19
      12
      31
      19
      14
      22
      23
      24
      25
      25
      21
      25
      14
      30
      18
      18
      26
      17
      26
      32
      24
      19
      23
      23
      17
      13
      28
      29
      28
      25
      18
      25
      15
      21
      18
      25
      22
      17
      31
      22
      28
      25
      16
      17
      12
      13
      23
      24
      27
      18
      25
      30
      31
      21
      25
      26
      22
      17
      27
      20
      23
      22
      29
      30
      35
      26
      30
      31
      22
      37
      24
      29
      25
      29
      22
      23
      16
      34
      22
      32
      18
      21
      27
      17
      23
      28
      28
      23
      19
      21
      29
      18
      19
      26
      23
      23
      18
      20
      22
      20
      17
      18
      35
      22
      31
      22
      26
      14
      33
      22
      16
      17
      34
      23
      22
      18
      29
      20
      24
      29
      26
      23
      26
      26
      21
      25
      20
      27
      18
      28
      18
      23
      18
      16
      14
      20
      19
      28
      24
      13
      11
      15
      21
      21
      23
      21
      32
      27
      21
      24
      29
      25
      21
      19
      19
      19
      33
      22
      20
      34
      31
      25
      20
      22
      20
      36
      18
      19
      19
      16
      21
      30
      27
      33
      24
      24
      20
      23
      26
      26
      15
      26
      23
      22
      26
      30
      28
      24
      19
      17
      29
      33
      24
      29
      36
      26
      25
      16
      22
      26
      26
      26
      20
      29
      19
      32
      27
      20
      27
      17
      37
      18
      28
      20
      24
      25
      30
      22
      25
      26
      24
      13
      27
      24
      28
      23
      26
      23
      23
      24
      19
      20
      29
      20
      26
      30
      24
      27
      22
      22
      29
      17
      21
      26
      23
      12
      27
      28
      20
      33
      30
      27
      24
      20
      32
      21
      30
      18
      15
      21
      24
      16
      20
      16
      25
      23
      25
      23
      21
      17
      18
      26
      18
      25
      24
      20
      25
      26
      26
      28
      29
      25
      23
      31
      20
      25
      20
      23
      21
      30
      25
      28
      20
      28
      29
      25
      15
      24
      17
      32
      27
      20
      29
      24
      26
      21
      18
      16
      24
      22
      25
      23
      15
      16
      14
      19
      14
      23
      25
      20
      23
      18
      24
      20
      24
      21
      20
      27
      18
      20
      26
      24
      21
      15
      14
      24
      23
      19
      20
      24
      14
      28
      28
      15
      15
      11
      24
      11
      21
      23
      14
      14
      20
      19
      17
      16
      21
      29
      13
      20
      17
      18
      14
      11
      17
      14
      20
      19
      23
      21
      20
      17
      12
      21
      17
      18
      23
      13
      11
      17
      26
      20
      22
      20
      14
      16
      17
      12
      21
      16
      18
      21
      12
      19
      22
      20
      20
      20
      20
      24
      20
      19
      13
      18
      15
      16
      14
      25
      15
      22
      13
      17
      11
      24
      16
      11
      16
      18
      27
      25
      13
      19
      18
      17
      10
      19
      28
      18
      20
      16
      21
      22
      24
      23
      15
      11
      14
      15
      19
      24
      22
      16
      18
      19
      18
      29
      13
      16
      16
      16
      17
      21
      21
      14
      19
      18
      22
      16
      17
      17
      22
      21
      24
      20
      13
      13
      17
      15
      10
      21
      22
      18
      12
      13
      27
      18
      19
      19
      16
      17
      24
      23
      17
      19
      17
      29
      21
      40
      37
      46
      50
      44
      39
      47
      40
      26
      25
      18
      17
      15
      23
      20
      14
      18
      14
      13
      10
      11
      15
      21
      13
      12
      13
       9
      17
      17
      17
      20
      14
      12
      24
      20
      10
      10
      19
      20
      17
      12
      17
      12
      21
      17
      12
      11
      12
      23
      15
       9
      15
      12
      14
      19
       9
      17
      22
      14
       9
      17
      16
      16
      18
      20
      15
      14
      14
      12
      17
      10
       9
      16
      14
       7
      13
      13
      14
      14
      23
      19
      14
      16
       9
      13
      11
      14
      14
      14
      12
      12
      10
      10
      11
      15
      11
       6
       8
      10
      14
       8
      10
      14
      17
      11
      17
      16
      15
      11
      14
      15
      12
      16
      19
      14
      18
      10
      11
      15
      11
      17
       9
      16
      12
      11
      13
      10
      16
      10
      11
      13
      10
       8
      24
      11
       9
       5
      17
       9
       4
      13
      14
       9
       8
      11
      20
       6
      11
      16
       9
      16
      12
      11
      10
       9
      11
       9
      20
      13
      12
      10
      17
       5
      12
      10
      11
      10
      10
       9
      10
      12
      13
      16
      13
      11
      11
      10
      14
      10
      11
      17
      14
      12
      12
      12
       8
       8
      17
      12
      16
      12
      18
      10
      12
      13
      13
      17
      17
      14
      11
      13
      11
      18
      11
      13
      11
      17
       4
      12
      18
       8
      11
      16
      17
       8
       9
       5
      11
      10
       5
      10
       7
      11
       6
      10
      11
      12
       2
      12
       8
       7
      14
      16
       9
       4
       4
       7
      12
       6
      12
       9
       9
       6
      12
       7
       9
       9
       8
       7
       6
      15
       9
       8
      13
      11
      10
       8
       8
       7
       6
      10
      13
      11
      11
      11
       9
       1
       7
       8
      10
       7
      11
       5
       7
      18
       4
       9
      15
       9
       8
      11
      10
       9
       9
      15
       8
       5
      11
      14
       9
       7
       9
      10
       6
       8
       7
       5
       6
       8
      15
       6
       8
      10
      13
       9
       3
       8
       9
       9
       9
       6
       7
      10
       3
       9
       7
       9
      11
      13
       7
       6
      11
      12
       8
       8
      11
      14
      12
       7
      10
       5
       3
      11
       8
      11
      14
      12
      14
       5
      10
       5
       7
      16
       8
       3
       3
      11
       8
      13
      10
      16
       6
       7
       3
       9
      10
      11
       9
       5
       5
       8
       6
      14
       8
       9
       8
       7
      11
      10
      12
       5
      11
       8
       3
      10
       5
       6
      11
      13
       5
      11
       7
       6
      12
       8
       6
      14
       4
      10
       8
       7
       4
      10
       9
       8
      12
       8
       7
       2
      15
      11
      11
       6
       8
       5
       8
       6
       8
      10
      12
       3
      10
       9
       8
      14
       5
       8
       7
       6
       7
       8
      16
       6
      12
       5
       9
       9
       9
      10
       5
       8
       8
       8
      14
      12
       9
       8
      11
       7
      11
       4
       5
      11
       8
      14
      12
      11
      14
      17
      22
      35
      50
      84
     138
     224
     287
     433
     568
     673
     759
     715
     684
     528
     430
     271
     178
      98
      51
      26
      15
      12
       9
       8
       9
       7
       5
      14
       7
      10
       8
       8
      10
       6
      11
       6
      11
       5
       8
      11
       8
       7
       5
      10
       6
      13
       5
       6
       4
       7
       5
       7
       8
      10
       6
       7
       5
       8
      11
       3
      10
       6
       5
      12
       9
      10
       7
       4
       4
       4
       7
       2
       7
       9
      11
       3
       4
      12
       7
       6
       3
       4
       9
      11
       5
       3
       3
       7
       6
       7
       8
       4
      10
       5
      12
       6
       8
       4
       9
       7
       9
       8
       4
      13
       5
       5
      10
       5
       6
       4
       5
       4
       2
       8
       4
       7
       7
       7
       6
       4
       4
       4
       8
       6
       7
       1
       6
       7
       8
       7
       4
       7
       6
       4
       6
       6
       3
      13
       5
       8
      10
       4
       4
       4
       7
      12
      11
       4
       4
       9
       9
       8
       4
       8
       7
      11
       7
       4
       5
       9
      14
       5
       6
       4
       6
       4
       7
       4
       2
       4
       7
      11
       5
       6
       8
       9
       7
       6
       7
       4
       4
      10
       4
       5
       3
       8
       5
       1
      10
       5
       9
       5
       8
       6
       8
       2
       7
      11
      11
       8
       9
       3
       7
       3
       8
       7
       3
      10
       7
       3
       3
       8
       8
       8
       3
       5
       3
       5
       7
      10
       9
       7
       4
       6
       8
       5
      16
       9
       5
       8
       3
       7
       7
       9
       6
       5
       7
       7
      12
       3
       4
      11
      11
      13
       6
       5
       5
       5
       5
       6
       4
       9
       8
       7
       6
       5
       1
       8
       6
       5
       5
       7
      12
       6
       8
       7
       7
       6
       2
       5
       7
       5
      10
       5
       8
       5
       6
       7
       7
      11
       9
       8
       7
       5
       9
       7
       4
       6
       7
       8
       3
       7
       4
       6
       3
       9
       7
      11
       8
       6
       5
      15
      12
       8
       4
      11
       2
      10
       6
       5
       3
      10
       2
       8
       4
       6
      10
       9
       4
       4
      11
       7
       3
       9
       8
       6
      10
       1
       5
       8
       9
       7
       5
       5
       7
       5
       6
       2
       7
       3
       2
       7
       5
       5
       7
       4
       5
      11
       7
       5
       5
       7
       4
       3
       9
       8
       4
       5
       8
       5
       6
       6
       4
       3
       9
       6
       5
       4
       8
      11
      10
       6
       7
       6
       6
       5
       7
      10
       8
      10
       7
       8
       4
       7
       7
       6
       8
       6
       4
       7
       8
      10
      13
       5
      15
       9
       4
       4
      10
       7
       8
       8
       6
       5
       9
       5
       5
      10
       7
       3
       7
       7
       8
       6
       6
       4
      11
       6
       6
       3
       7
       3
      12
       6
       4
      10
      12
       6
       6
       5
       4
       3
      10
      12
       9
       7
       5
       5
       2
       3
       6
       5
       4
       4
       0
       5
       6
       6
       5
       2
       2
       5
       5
       8
       5
       4
       4
       9
       5
       7
       7
      12
       5
       9
       4
       9
       9
       4
       5
       5
       2
       7
       6
       5
       6
       9
       8
       9
       4
       4
       8
       6
       7
       4
      10
       9
       7
       9
       9
       5
       5
       9
       4
       2
       4
       3
       8
       9
       5
       4
       5
       4
       6
       6
       2
       7
       4
      11
       3
       5
       6
      10
       6
       4
       6
       1
       3
       8
       8
       6
      11
       4
       6
       5
       6
       4
       8
       5
       3
       5
       6
       3
       6
       7
       9
       6
       5
       2
       7
       7
       5
       4
       3
       5
       9
       6
       6
       7
       4
      12
       6
       2
       6
       4
       9
       1
       4
       4
       7
      11
       3
      10
       8
       8
      10
       5
       6
       7
       5
       7
       7
      12
       5
       7
      11
       8
       7
       7
       8
       7
      11
       3
       2
       9
       4
       4
       5
       3
       1
       4
       5
       4
       8
       7
       3
       5
       7
       7
       5
       8
       6
      10
       4
       7
       5
       5
       7
       9
       8
       4
       6
       3
       6
       4
       5
       5
       5
       2
       7
       9
       7
       7
       3
       6
       7
       4
       5
       6
       6
       5
       1
       7
       6
       6
       5
       5
       3
       7
       4
       8
       5
       8
       5
       3
       2
       0
       6
       5
       5
       4
       6
       7
       8
       6
       3
       5
       8
       8
       5
       8
       3
       6
       3
       3
       7
       6
       5
      12
       5
       2
       8
       1
       7
       5
       7
       6
       3
       7
       5
       4
       4
       5
       8
      11
       4
       9
       6
       6
       5
       8
      10
       8
       8
       1
       7
       5
       7
       1
       4
       3
       2
       4
       8
       4
       3
       4
       6
       4
       6
       7
       4
       4
       2
       9
       2
       7
       4
       6
       5
       6
       6
       4
      10
      12
       5
       6
       6
       6
       6
       4
       8
       8
       8
       6
       8
       1
       9
       3
       9
       5
       7
      13
       8
       4
       4
       7
       8
       5
       7
       5
       7
       3
       8
       4
       3
       5
       7
       3
       9
       8
      11
       4
      10
       8
       9
      10
       3
       7
       7
       5
       3
       7
      12
      20
      24
      36
      64
      92
     176
     288
     406
     641
    1126
    2182
    5591
   13851
   28986
   42174
   37799
   19616
    6535
    1767
     482
     127
      62
      65
      32
      59
      38
      44
      37
      41
      30
      36
      30
      27
      16
      20
      26
      15
      15
      26
      27
      27
      24
      16
      23
      23
      24
      19
      15
      20
      18
      27
      24
      21
      22
      25
      20
      17
      21
      22
      17
      18
      23
      17
      12
      16
      12
      16
      18
      17
      18
      19
      16
      16
      14
      17
      27
      22
      28
      26
      16
      14
      14
      14
      18
      12
      19
      17
      20
      16
      22
      21
      17
      13
      17
      13
      23
      19
      15
       8
      19
      17
      14
      14
      18
      12
       9
      16
      10
       7
      19
      12
      12
      24
      11
      10
      14
      14
      16
       9
       5
      14
      14
      10
      10
      12
      12
       9
      13
       9
      15
      16
      11
      14
      18
      13
      11
      11
      11
      13
       8
       9
       8
      16
      12
      10
      10
       8
      14
      11
      13
      12
      12
      12
       6
      11
       9
       0
       0
       0
       0
       0
       0
       0
       0
       0
       0
       0
       0
       0
       0
       0
       0
       0
       0
       0
       0
       0
       0
       0
       0
       0
       0
       0
       0
       0
       0
       0
       0
       0
       0
       0
       0
       0
       0
       0
       0
       0
       0
       0
       0
       0
       0
       0
       0
       0
       0
       0
       0
       0
       0
       0
       0
       0
       0
       0
       0
       0
       0
       0
       0
       0
       0
       0
       0
       0
       0
       0
       0
       0
       0
       0
       0
       0
       0
       0
       0
       0
       0
       0
       0
       0
       0
       0
       0
       0
       0
       0
       0
       0
       0
       0
       0
       0
       0
       0
       0
       0
       0
       0
       0
       0
       0
       0
       0
       0
       0
       0
       0
       0
       0
       0
       0
       0
       0
       0
       0
       0
       0
       0
       0
       0
       0
       0
       0
