       0
       0
       0
       0
       0
       0
       0
       0
       0
       0
       0
       0
       0
       0
       0
       0
       0
       0
       0
       0
       0
       0
       0
       0
       0
       0
       0
       0
       0
       0
       0
       0
       0
       0
       0
       0
       0
       0
       0
       0
       0
       0
       0
       0
       0
       0
       0
       0
       0
       1
    3551
   21911
   21125
   20339
   20576
   21677
   22401
   23284
   23874
   23812
   24454
   24159
   23847
   23695
   23353
   23529
   23050
   22790
   22866
   23027
   22401
   22402
   22390
   22337
   22486
   22151
   21947
   21744
   21626
   21902
   21918
   21694
   21572
   21650
   21595
   21607
   21689
   21717
   21654
   21865
   21768
   21712
   21475
   21749
   21630
   21623
   21471
   21520
   21595
   21421
   21568
   21281
   21454
   21182
   21463
   21421
   21552
   22196
   23112
   24670
   25736
   24613
   21864
   19520
   18541
   18200
   18154
   18478
   18176
   18207
   18194
   18821
   19624
   21576
   24693
   26720
   24947
   21911
   20815
   19445
   18053
   16895
   16268
   16322
   16400
   16349
   16146
   16117
   16182
   15709
   15742
   15695
   15693
   15872
   15921
   15808
   15752
   15880
   16067
   15760
   15776
   15597
   15572
   15569
   15560
   15370
   15481
   15558
   15488
   15584
   15291
   15581
   15609
   15717
   15417
   15691
   15558
   15525
   15385
   15384
   15518
   15720
   15708
   15818
   15759
   15641
   15549
   15850
   15888
   15580
   15542
   15785
   15770
   16044
   16045
   15949
   15848
   15818
   15941
   15975
   16194
   16015
   16102
   16202
   16097
   16344
   16441
   16473
   16434
   16551
   16609
   16842
   16769
   16687
   16990
   17430
   17862
   17594
   17294
   17211
   17318
   17733
   17999
   17656
   17615
   16972
   17345
   17886
   17497
   17623
   17984
   18019
   18151
   18649
   18811
   19055
   19438
   19715
   20017
   20241
   20245
   20463
   20649
   20698
   20570
   20661
   20559
   20544
   20693
   20904
   20823
   20893
   21139
   20571
   20670
   20665
   20984
   20874
   21232
   21248
   21479
   21364
   21625
   21697
   22219
   22141
   22326
   22428
   22740
   23134
   22910
   23594
   23550
   23751
   24138
   23964
   24387
   24421
   24482
   24611
   25126
   25117
   25046
   25279
   25187
   25008
   25122
   24939
   24832
   25048
   24982
   25116
   24949
   24844
   25111
   24972
   24827
   25129
   25046
   25396
   25331
   25234
   25541
   25715
   25466
   25713
   25888
   25887
   26400
   26017
   26376
   26688
   26484
   26713
   26954
   27163
   27342
   27612
   27365
   27879
   28022
   27926
   28042
   28315
   28690
   28712
   29040
   29330
   29569
   29554
   30266
   30787
   30792
   31953
   33795
   35809
   40607
   48928
   62530
   83406
  117626
  191816
  367994
  689972
  989881
  952568
  584184
  231924
   70094
   27187
   19104
   17459
   17269
   16965
   16702
   16857
   16752
   16683
   16778
   16686
   16726
   16298
   16550
   16430
   16502
   16370
   16309
   16346
   16397
   16264
   16256
   16431
   16101
   16261
   16137
   16219
   16212
   16236
   16137
   16186
   16099
   16037
   16210
   15951
   16185
   16249
   16067
   16308
   16202
   16438
   16227
   16303
   16406
   16250
   16593
   16482
   16332
   16133
   16515
   16300
   16313
   16417
   16539
   16483
   16733
   16673
   17008
   16845
   16834
   17301
   17117
   17219
   17507
   17792
   17933
   18436
   18721
   18490
   18098
   17816
   17657
   17787
   17955
   17571
   17542
   17774
   17489
   17344
   17722
   17260
   17422
   17310
   17500
   17311
   17269
   17270
   17247
   17214
   17246
   17035
   17236
   17180
   17212
   17063
   17075
   17112
   17062
   17145
   17456
   16868
   17380
   17019
   17127
   17285
   17122
   17287
   16961
   17320
   16989
   17167
   17028
   17046
   17244
   17025
   17299
   17432
   16917
   17071
   17291
   17144
   17145
   17118
   17067
   17077
   17048
   17078
   17178
   17232
   16896
   17165
   17278
   17073
   17176
   17068
   17189
   17037
   17298
   17123
   17136
   17103
   17324
   17366
   17274
   17175
   17119
   17146
   16991
   17135
   17154
   17173
   17281
   17061
   17208
   17241
   17402
   17397
   17353
   17419
   17512
   17515
   17468
   17376
   17526
   17392
   17521
   17526
   17492
   17599
   17467
   17674
   17867
   17834
   17999
   17707
   17779
   17504
   17797
   17587
   17839
   17786
   17755
   17829
   17883
   17705
   17924
   17703
   18333
   18051
   18070
   17631
   17953
   17812
   17916
   17815
   17430
   17722
   17660
   17290
   17298
   16970
   17016
   17047
   16894
   16708
   16760
   16314
   16307
   16057
   16019
   15970
   15940
   16099
   15740
   16015
   15653
   15514
   15605
   15330
   15470
   15497
   15420
   15292
   15292
   15355
   15305
   15122
   15130
   15203
   15308
   15355
   15461
   15309
   15131
   15123
   15258
   15349
   15049
   14981
   14864
   14992
   14814
   14974
   15030
   15028
   14827
   14751
   14599
   14472
   14443
   14150
   14260
   14353
   14214
   14397
   14227
   14156
   14267
   13958
   13880
   13974
   13905
   13916
   13811
   13629
   13488
   13676
   13639
   13339
   13253
   13234
   13504
   13598
   13432
   13398
   13140
   13292
   12988
   13035
   12996
   13107
   12986
   12939
   13087
   13077
   12914
   12760
   12627
   12655
   12679
   12735
   12532
   12823
   12518
   12467
   12596
   12282
   12404
   12442
   12445
   12202
   12411
   12380
   12219
   12093
   12184
   12025
   12065
   12255
   12265
   12559
   12702
   12447
   12987
   13454
   14257
   14177
   13513
   12618
   12335
   12468
   12724
   13149
   14089
   15681
   17503
   21168
   27327
   39653
   65859
  119726
  188417
  222739
  183883
  105320
   44962
   19305
   12300
   10831
   10643
   10563
   10716
   10474
   10477
   10419
   10302
   10310
   10299
   10708
   11203
   11562
   12009
   11584
   10983
   10521
   10213
    9888
    9962
    9962
    9947
   10042
    9738
    9795
    9840
    9778
    9823
    9720
    9674
    9801
    9852
    9800
    9754
    9814
    9827
    9685
    9636
    9844
    9479
    9703
    9785
    9819
    9655
    9509
    9611
    9385
    9422
    9364
    9520
    9470
    9503
    9607
    9795
    9475
    9754
    9594
    9580
    9354
    9674
    9625
    9848
   10072
   10180
   10635
   11023
   11638
   11155
   10355
    9993
    9643
    9417
    9470
    9542
    9565
    9686
    9829
   10137
   10335
   10072
    9763
    9383
    9268
    9334
    9317
    9208
    9145
    9363
    9216
    9120
    9217
    9044
    9220
    9219
    9123
    9144
    9190
    9196
    8972
    9006
    8924
    9035
    9087
    8921
    8852
    9055
    9220
    9215
    9179
    8937
    8940
    8923
    8945
    8769
    8828
    8798
    8948
    8870
    8821
    8748
    8849
    8789
    8877
    8935
    8953
    8875
    9050
    9043
    9094
    9459
   10270
   11975
   14407
   17581
   19773
   18410
   14765
   11332
    9524
    8855
    8702
    8637
    8762
    8722
    8688
    8636
    8706
    8627
    8657
    8672
    8584
    8577
    8461
    8579
    8566
    8422
    8532
    8497
    8548
    8429
    8472
    8362
    8450
    8683
    8438
    8416
    8451
    8518
    8220
    8319
    8229
    8351
    8252
    8285
    8491
    8134
    8314
    8330
    8317
    8548
    8375
    8309
    8356
    8577
    8569
    8924
    9218
    9379
    9190
    8948
    8585
    8516
    8294
    8399
    8257
    8245
    8305
    8197
    8224
    8302
    8182
    8235
    8186
    8070
    8204
    8289
    8332
    8064
    8233
    8546
    8556
    8966
    9455
    9693
   10027
    9294
    8795
    8485
    8339
    8339
    8545
    8525
    8910
    9166
    9881
   10698
   11045
   10229
    9354
    8650
    8394
    8306
    8274
    7966
    8112
    8142
    8103
    8170
    8180
    8208
    8037
    8243
    8116
    8313
    8042
    8105
    8180
    8374
    8598
    8700
    8818
    9104
    8845
    8958
    9393
   10068
   10995
   12705
   15267
   19905
   27790
   41645
   66168
  117929
  223737
  390426
  539749
  549157
  397049
  202162
   75501
   24303
   10500
    7606
    7024
    6709
    6511
    6554
    6577
    6559
    6566
    6361
    6475
    6559
    6862
    7226
    7887
    8301
    8242
    7666
    7018
    6431
    6449
    6316
    6228
    6253
    6209
    6166
    6270
    6203
    6441
    6311
    6094
    6273
    6163
    6259
    6175
    6014
    6258
    5912
    6080
    5965
    5998
    6197
    5904
    6096
    6088
    6157
    6012
    6069
    6200
    6195
    6312
    6384
    6641
    7176
    7931
    9266
   11746
   15940
   20910
   23111
   19671
   14159
    9030
    6733
    6194
    6023
    6160
    5897
    5986
    5878
    5969
    5920
    5920
    5884
    5824
    6031
    5795
    5909
    5875
    5756
    6025
    5647
    5919
    5822
    5806
    5795
    5927
    5865
    5823
    5840
    5906
    5888
    5895
    5892
    5655
    5801
    5833
    5845
    5864
    5772
    5695
    5808
    5902
    5786
    5850
    5952
    6229
    6243
    6276
    6470
    6167
    6118
    5833
    5725
    5770
    5680
    5743
    5746
    5888
    5794
    5694
    5672
    5697
    5693
    5816
    5819
    5674
    5705
    5636
    5687
    5490
    5774
    5656
    5711
    5573
    5564
    5714
    5697
    5736
    5814
    5613
    5527
    5595
    5713
    5680
    5533
    5574
    5574
    5680
    5671
    5662
    5633
    5517
    5591
    5709
    5611
    5494
    5656
    5593
    5705
    5748
    5596
    5644
    5677
    5637
    5737
    5752
    5892
    5984
    6157
    6608
    7362
    8374
   10401
   14626
   22745
   34521
   44386
   43446
   33170
   19798
   10727
    6842
    5788
    5728
    5626
    5762
    5856
    6112
    6683
    7202
    7291
    7015
    6429
    5820
    5576
    5479
    5494
    5518
    5472
    5433
    5411
    5456
    5473
    5335
    5398
    5558
    5457
    5323
    5442
    5545
    5543
    5431
    5422
    5397
    5436
    5541
    5437
    5296
    5385
    5327
    5403
    5430
    5411
    5359
    5498
    5356
    5590
    5404
    5355
    5352
    5312
    5424
    5362
    5449
    5460
    5468
    5440
    5445
    5214
    5360
    5504
    5378
    5409
    5344
    5549
    5469
    5364
    5305
    5513
    5418
    5408
    5617
    5463
    5615
    5634
    5567
    5650
    5965
    6355
    6784
    7780
    9397
   12126
   18435
   30032
   44944
   56363
   53953
   39777
   22909
   11812
    6994
    5758
    5343
    5329
    5232
    5352
    5214
    5301
    5299
    5336
    5287
    5360
    5357
    5195
    5261
    5338
    5338
    5227
    5292
    5306
    5239
    5409
    5280
    5354
    5317
    5305
    5340
    5302
    5371
    5324
    5293
    5301
    5333
    5259
    5335
    5296
    5379
    5306
    5231
    5296
    5176
    5206
    5289
    5401
    5415
    5362
    5510
    5590
    5413
    5522
    5350
    5393
    5471
    5316
    5386
    5447
    5295
    5323
    5300
    5377
    5248
    5315
    5280
    5138
    5198
    5251
    5366
    5190
    5359
    5322
    5307
    5181
    5340
    5337
    5457
    5349
    5311
    5412
    5241
    5257
    5248
    5201
    5353
    5412
    5278
    5426
    5378
    5344
    5380
    5418
    5210
    5346
    5226
    5437
    5279
    5517
    5444
    5407
    5594
    5712
    5736
    5546
    5695
    5385
    5399
    5302
    5276
    5430
    5543
    5382
    5494
    5581
    5739
    6064
    6658
    7758
    9445
   11204
   11480
   10205
    8215
    6744
    5734
    5451
    5187
    5378
    5379
    5363
    5432
    5728
    5914
    5942
    5868
    5793
    5475
    5376
    5386
    5364
    5524
    5377
    5380
    5349
    5393
    5426
    5326
    5231
    5256
    5278
    5295
    5427
    5432
    5303
    5314
    5539
    5595
    5903
    6434
    7163
    7502
    7451
    6945
    6037
    5631
    5419
    5196
    5326
    5285
    5191
    5257
    5316
    5356
    5466
    5533
    5658
    5815
    5908
    6008
    6426
    6377
    6400
    6218
    6010
    5892
    5836
    5475
    5365
    5482
    5384
    5409
    5431
    5357
    5369
    5422
    5465
    5378
    5344
    5439
    5429
    5391
    5399
    5580
    5647
    5863
    6028
    6122
    6123
    5854
    5627
    5497
    5525
    5449
    5507
    5537
    5546
    5570
    5485
    5388
    5491
    5422
    5534
    5624
    5562
    5621
    5593
    5614
    5499
    5340
    5446
    5367
    5387
    5512
    5473
    5435
    5448
    5340
    5482
    5416
    5483
    5375
    5586
    5843
    5993
    6144
    5997
    5980
    5640
    5527
    5448
    5434
    5415
    5456
    5536
    5620
    5457
    5653
    5571
    5539
    5527
    5557
    5412
    5475
    5568
    5557
    5614
    5572
    5419
    5521
    5567
    5489
    5591
    5569
    5558
    5585
    5550
    5526
    5607
    5607
    5520
    5547
    5608
    5630
    5468
    5578
    5542
    5587
    5499
    5648
    5580
    5659
    5619
    5738
    5602
    5650
    5486
    5579
    5668
    5654
    5654
    5672
    5694
    5707
    5773
    5856
    5839
    5889
    5896
    5920
    5861
    5743
    5749
    5630
    5663
    5784
    5578
    5695
    5838
    5718
    6076
    6295
    6642
    7302
    8547
   10114
   11890
   12431
   11394
    9424
    8066
    6996
    7332
    7440
    7332
    6951
    6509
    6022
    5837
    5830
    5779
    5881
    5727
    5793
    5670
    5780
    5743
    5831
    5711
    5821
    5852
    5846
    5780
    5827
    5705
    5717
    5951
    5721
    5714
    5677
    5790
    5823
    5677
    5889
    5798
    5666
    5569
    5765
    5803
    5844
    5797
    5918
    5849
    5717
    5887
    5914
    6052
    6234
    6743
    6885
    6878
    6650
    6498
    6451
    6975
    7952
    9532
   10728
   11271
   10112
    8294
    6783
    5969
    5506
    5449
    5264
    5176
    5170
    5265
    5206
    5147
    5222
    5211
    5200
    5279
    5296
    5250
    5135
    4964
    5090
    5013
    5087
    5137
    5181
    5233
    5208
    5103
    5175
    5089
    5083
    5116
    5247
    4975
    5088
    4927
    5051
    5008
    4951
    5134
    5032
    5058
    5000
    5065
    4923
    5050
    5015
    4921
    4960
    5069
    4869
    4942
    5032
    5086
    4958
    4980
    5080
    5209
    5385
    5637
    6061
    6563
    6809
    6379
    5954
    5252
    5153
    4886
    4883
    4908
    4898
    4820
    5030
    4986
    4824
    4948
    4838
    4842
    4942
    5062
    5145
    5069
    5078
    4856
    5054
    4918
    4830
    4823
    4807
    4821
    4823
    4846
    4859
    4918
    4816
    4864
    4924
    4819
    4845
    4834
    4828
    4851
    4733
    4809
    4790
    4930
    4819
    4850
    4794
    4838
    4738
    4673
    4834
    4820
    4891
    4926
    4810
    4856
    5042
    4864
    4896
    4718
    4810
    4766
    4812
    4823
    4866
    4881
    4769
    4866
    4892
    4959
    4807
    4709
    4799
    4648
    4794
    4770
    4686
    4900
    4744
    4691
    4801
    4834
    4752
    4867
    4684
    4800
    4749
    4850
    4921
    4751
    4849
    4842
    4791
    4846
    4811
    4938
    4725
    4914
    5001
    4934
    4847
    4736
    4681
    4855
    4717
    4737
    4806
    4769
    4907
    4748
    4701
    4864
    4829
    4761
    4625
    4775
    4807
    4688
    4721
    4747
    4788
    4828
    4868
    4786
    4944
    5138
    5442
    5805
    6287
    6484
    6168
    5704
    5276
    5027
    4893
    4724
    4702
    4836
    4767
    4780
    4791
    4870
    4873
    4889
    4752
    4883
    4849
    4894
    4836
    4773
    4830
    4777
    4917
    5036
    4805
    4777
    4871
    4800
    4722
    4818
    4779
    4640
    4755
    4611
    4728
    4797
    4609
    4764
    4938
    4947
    4920
    4898
    4778
    4785
    4976
    5152
    5510
    6237
    6769
    6803
    6438
    6006
    5456
    5126
    5054
    5491
    6106
    7280
    8773
    9737
    9814
    8581
    7119
    5840
    5133
    4796
    4551
    4519
    4673
    4600
    4593
    4644
    4613
    4629
    4676
    4645
    4722
    4807
    4887
    4875
    5231
    5580
    5907
    6891
    8329
   10755
   12878
   13791
   12698
   10328
    7691
    5965
    5033
    4622
    4696
    4643
    4606
    4565
    4631
    4656
    4588
    4637
    4604
    4604
    4681
    4522
    4762
    4633
    4539
    4680
    4591
    4543
    4619
    4516
    4741
    4682
    4634
    4551
    4664
    4603
    4665
    4785
    4647
    4566
    4660
    4670
    4712
    4734
    4688
    4686
    4857
    4599
    4624
    4577
    4609
    4736
    4797
    4743
    4856
    4675
    4649
    4622
    4654
    4584
    4752
    4697
    4790
    4774
    4894
    4897
    5072
    5363
    5577
    5760
    5644
    5400
    5200
    4810
    4733
    4812
    4649
    4782
    4690
    4758
    4941
    5029
    5242
    5511
    6158
    7162
    7872
    7966
    7840
    6955
    5877
    5103
    5024
    4755
    4853
    4888
    4859
    4949
    4962
    4917
    5045
    4818
    4845
    4722
    4783
    4849
    4790
    5020
    5150
    5022
    5117
    5004
    4969
    5038
    4833
    4952
    4768
    4800
    4887
    4755
    4737
    4794
    4749
    4855
    4816
    4896
    4909
    4891
    4827
    4958
    4812
    4852
    4814
    4901
    4990
    4728
    4810
    4735
    4888
    4813
    4915
    4822
    4944
    4904
    4941
    4849
    4936
    4802
    4748
    4915
    4995
    4961
    4906
    4920
    4992
    5033
    4842
    5017
    4831
    4900
    5010
    4941
    5018
    4988
    4885
    5031
    4972
    4849
    4934
    4886
    4759
    4886
    4863
    5065
    4817
    4980
    4943
    4871
    4878
    4993
    4987
    4805
    5035
    5070
    5021
    5227
    5034
    5087
    4869
    5021
    4881
    4952
    4963
    4748
    4766
    4830
    4758
    4826
    4921
    4705
    4847
    4725
    4684
    4686
    4704
    4841
    4681
    4849
    5171
    5430
    6003
    6361
    6501
    6186
    5539
    5005
    4681
    4704
    4482
    4887
    5105
    5211
    5411
    5517
    5228
    4939
    4624
    4635
    4466
    4460
    4391
    4409
    4423
    4389
    4464
    4497
    4498
    4632
    4683
    4973
    5485
    6284
    7568
    9901
   13987
   22226
   36233
   59103
   89243
  116071
  126516
  111646
   80279
   45962
   22649
   10707
    5871
    4657
    4272
    4322
    4113
    4148
    4292
    4204
    4152
    4203
    4068
    4247
    4142
    4270
    4028
    4224
    4115
    4162
    4206
    4105
    4038
    4102
    4103
    4121
    4051
    4078
    4085
    4064
    4030
    4068
    4128
    4034
    4039
    4114
    4224
    4343
    4245
    4467
    4283
    4403
    4192
    4161
    4031
    4111
    3930
    4056
    4093
    4041
    4163
    4038
    4001
    4029
    3922
    4077
    3953
    3979
    4066
    4011
    4049
    4061
    3980
    4065
    4031
    4262
    4070
    4011
    4248
    4078
    4139
    4072
    4111
    4114
    4072
    4166
    4255
    4472
    4786
    5299
    5828
    6453
    6818
    6693
    6070
    5311
    4630
    4328
    4158
    4066
    3995
    4104
    4002
    4130
    3956
    3987
    3925
    3938
    3957
    3996
    3979
    4044
    3961
    3924
    3996
    3885
    4083
    4054
    4009
    4055
    3986
    4036
    4033
    4061
    3912
    3983
    3899
    3947
    4117
    4010
    4034
    4044
    3999
    4060
    3968
    4002
    3953
    4013
    4031
    4097
    4083
    3990
    4040
    4038
    3927
    4047
    4047
    4016
    3863
    4026
    3987
    4090
    4064
    3954
    3970
    4122
    4097
    4031
    4030
    4016
    4116
    4048
    4133
    4103
    3991
    4029
    4192
    4186
    4171
    4166
    4278
    4286
    4321
    4473
    4685
    4964
    5308
    5546
    5410
    5136
    4703
    4337
    4164
    4091
    4054
    4061
    4023
    4081
    4110
    4125
    3975
    4087
    4258
    4111
    4084
    4110
    4104
    4112
    4136
    4113
    4109
    4095
    4146
    4060
    4186
    4131
    4054
    4121
    4067
    4091
    4198
    4187
    4065
    4146
    4277
    4261
    4238
    4126
    4187
    4060
    4081
    4187
    4215
    4138
    4187
    4115
    4071
    4329
    4431
    4227
    4413
    4378
    4247
    4274
    4090
    4314
    4302
    4292
    4507
    4841
    5122
    5996
    7212
    9694
   13945
   20452
   29293
   36314
   39662
   36236
   27667
   18046
   10887
    6806
    5037
    4434
    4224
    4317
    4350
    4166
    4106
    4272
    4171
    4216
    4192
    4270
    4149
    3994
    4183
    4137
    4090
    4106
    4065
    3965
    4005
    4003
    4194
    4135
    4037
    4037
    3991
    3936
    3899
    3957
    3866
    3915
    4009
    3859
    3738
    3805
    3772
    3805
    3789
    3926
    3802
    3786
    3737
    3768
    3763
    3716
    3762
    3823
    3788
    3829
    3827
    3790
    3663
    3687
    3661
    3779
    3704
    3658
    3765
    3697
    3740
    3694
    3780
    3747
    3738
    3738
    3768
    3672
    3855
    3904
    3908
    3985
    3951
    4104
    4148
    4141
    4248
    3953
    4106
    3863
    3776
    3763
    3864
    3883
    3953
    4130
    4347
    4268
    4045
    3778
    3704
    3545
    3465
    3402
    3297
    3440
    3421
    3423
    3312
    3297
    3215
    3222
    3293
    3190
    3206
    3138
    3251
    3223
    3217
    3185
    3277
    3394
    3578
    3819
    3885
    3723
    3623
    3319
    3199
    3091
    2958
    3023
    3070
    2966
    3052
    3031
    3023
    3063
    3166
    3178
    3201
    3435
    3886
    4415
    5308
    5956
    6410
    6142
    5309
    4515
    3716
    3317
    3035
    2926
    2962
    2771
    2934
    3017
    3082
    3171
    3274
    3520
    3665
    4307
    4755
    4923
    4905
    4309
    3908
    3261
    3122
    2893
    2950
    2958
    3086
    3333
    3343
    3414
    3283
    3128
    2925
    2932
    2791
    2940
    2790
    2866
    2927
    2754
    2796
    2813
    2787
    2792
    2821
    2704
    2756
    2755
    2682
    2666
    2756
    2691
    2612
    2783
    2745
    2682
    2637
    2643
    2743
    2673
    2715
    2793
    2672
    2692
    2637
    2701
    2632
    2685
    2648
    2636
    2675
    2647
    2595
    2626
    2662
    2663
    2593
    2648
    2632
    2662
    2648
    2642
    2702
    2571
    2637
    2548
    2562
    2500
    2558
    2512
    2661
    2646
    2499
    2556
    2557
    2562
    2556
    2533
    2511
    2661
    2651
    2532
    2562
    2736
    2694
    2765
    2937
    2912
    2990
    3051
    3479
    4194
    5285
    7294
   10802
   16934
   27527
   44627
   67661
   92583
  110050
  109818
   92532
   63840
   36579
   18181
    8366
    4291
    2814
    2585
    2565
    2605
    2779
    2775
    2940
    2761
    2775
    2571
    2464
    2385
    2345
    2195
    2261
    2310
    2300
    2375
    2366
    2283
    2309
    2319
    2285
    2239
    2313
    2143
    2166
    2154
    2213
    2138
    2158
    2163
    2116
    2132
    2141
    2087
    2133
    2135
    2221
    2196
    2074
    2155
    2152
    2124
    2129
    2030
    2096
    2099
    2099
    2111
    2114
    2064
    2015
    2121
    2159
    2109
    2057
    2080
    2180
    2165
    2292
    2315
    2229
    2261
    2298
    2199
    2200
    2086
    2089
    2041
    1984
    2017
    2021
    2104
    2015
    2014
    1988
    2002
    2123
    2148
    2115
    2071
    2131
    2001
    1995
    1998
    1916
    1925
    1977
    1938
    1922
    2011
    2037
    2057
    2041
    2013
    2012
    2111
    2244
    2348
    2777
    3395
    4357
    5346
    6303
    6750
    6388
    5412
    4182
    3118
    2370
    2084
    1945
    1954
    1933
    1843
    1879
    1847
    1834
    1822
    1873
    1840
    1834
    1907
    1871
    1888
    1896
    1851
    1930
    1973
    1847
    1804
    1838
    1825
    1883
    1907
    1912
    1904
    1855
    1891
    1843
    1868
    1907
    1896
    1942
    1921
    1833
    1848
    1809
    1850
    1851
    1861
    1870
    1876
    1862
    1925
    1773
    1854
    1761
    1839
    1937
    1802
    1838
    1846
    1891
    1842
    1822
    1906
    1801
    1874
    1835
    1838
    1872
    1818
    1828
    1826
    1853
    1809
    1870
    1889
    1900
    1863
    1863
    1847
    1803
    1789
    1844
    1887
    1838
    1841
    1971
    1853
    1823
    1901
    1900
    1890
    1900
    1935
    1869
    1873
    1795
    1905
    1831
    1835
    1860
    1938
    1881
    1903
    1940
    1836
    1929
    1930
    1846
    1912
    1920
    1925
    1914
    1904
    1830
    1830
    1802
    1903
    1841
    1860
    1788
    1824
    1847
    1910
    1937
    1858
    1889
    1887
    1862
    1894
    1929
    1853
    1894
    1932
    1919
    1860
    1847
    1849
    1874
    1839
    1964
    1810
    1902
    1879
    1919
    1919
    1885
    1916
    1887
    1930
    1831
    1920
    1832
    1852
    1883
    1901
    1843
    1967
    1895
    1888
    1901
    1911
    1983
    1859
    1936
    1809
    1990
    1974
    1972
    1962
    1875
    1922
    1955
    1986
    1915
    1980
    1985
    2034
    2003
    1967
    1904
    1999
    1929
    1899
    1931
    1894
    2029
    1989
    1932
    1983
    1940
    1983
    1924
    1978
    1967
    1980
    2090
    2037
    2036
    2078
    2041
    2050
    2052
    2117
    2034
    2062
    2060
    2151
    2179
    2288
    2276
    2631
    3134
    3853
    5039
    7144
   10919
   17293
   27460
   40592
   54927
   66164
   69094
   61326
   46148
   29878
   16901
    9989
    7112
    7472
    9615
   11993
   13323
   13026
   11351
    8438
    5692
    3783
    2701
    2175
    2019
    1985
    1854
    1962
    1888
    1924
    1845
    1991
    1878
    1926
    1875
    1927
    1913
    1926
    1981
    1941
    1982
    1886
    1903
    1924
    1965
    1947
    1915
    1987
    1933
    1927
    1893
    2021
    2019
    2004
    2010
    1971
    1982
    1891
    1991
    2066
    2012
    2098
    2105
    2227
    2328
    2718
    3089
    3706
    4496
    5961
    7709
   10785
   16134
   25184
   39074
   55960
   75410
   87326
   87757
   75288
   54645
   33786
   17875
    8554
    4262
    2594
    2130
    2033
    1910
    1920
    1981
    1974
    1890
    1982
    1937
    1928
    2005
    2050
    2225
    2181
    2370
    2242
    2326
    2237
    2271
    2244
    2257
    2322
    2277
    2147
    2116
    2033
    1985
    1978
    1994
    1919
    1957
    1876
    1913
    1866
    1938
    1892
    1932
    1933
    1993
    1942
    1889
    1984
    1911
    1921
    1922
    1853
    1994
    1884
    1987
    1930
    1873
    1879
    1892
    1945
    1931
    1922
    1987
    1855
    1871
    2032
    1964
    1919
    1957
    1993
    2027
    2005
    1922
    2005
    1936
    2015
    1925
    1964
    1967
    2030
    1925
    1970
    1938
    1968
    1960
    1966
    1908
    2005
    2000
    1964
    1946
    1961
    1974
    1917
    2024
    1998
    1989
    1986
    2048
    2026
    2036
    2069
    2132
    2009
    2024
    2058
    2024
    1972
    2044
    2021
    2051
    2147
    2064
    2066
    2134
    2177
    2104
    2041
    2056
    2082
    2108
    2085
    2102
    2117
    2062
    2101
    2073
    2146
    2033
    2064
    2224
    2103
    2102
    2072
    2101
    1952
    2078
    2158
    2039
    2156
    2098
    2117
    2095
    2185
    2123
    2141
    2131
    2089
    2146
    2189
    2180
    2116
    2100
    2119
    2174
    2286
    2372
    2272
    2364
    2388
    2353
    2238
    2319
    2249
    2214
    2257
    2108
    2187
    2145
    2192
    2142
    2182
    2138
    2175
    2151
    2158
    2086
    2222
    2101
    2118
    2075
    2075
    2131
    2125
    2125
    2140
    2113
    2143
    2151
    2094
    2113
    2206
    2095
    2101
    2069
    2124
    2116
    2103
    2100
    2103
    2118
    2058
    2124
    2107
    2046
    2072
    2077
    1978
    2000
    2059
    1969
    1956
    1908
    1946
    1844
    1856
    1818
    1744
    1779
    1783
    1726
    1682
    1715
    1673
    1655
    1643
    1556
    1624
    1578
    1550
    1553
    1552
    1526
    1600
    1548
    1540
    1465
    1507
    1544
    1497
    1487
    1498
    1520
    1532
    1461
    1485
    1475
    1453
    1460
    1474
    1470
    1517
    1470
    1491
    1476
    1521
    1476
    1449
    1476
    1467
    1441
    1475
    1463
    1463
    1550
    1741
    1850
    2107
    2854
    3721
    5140
    6670
    8521
    9558
    9578
    8177
    6528
    4565
    3067
    2139
    1617
    1429
    1319
    1392
    1363
    1299
    1354
    1370
    1296
    1288
    1314
    1260
    1316
    1271
    1299
    1279
    1293
    1241
    1256
    1248
    1277
    1211
    1251
    1242
    1243
    1256
    1229
    1168
    1257
    1277
    1246
    1309
    1298
    1251
    1281
    1184
    1172
    1211
    1227
    1273
    1274
    1258
    1268
    1221
    1161
    1188
    1208
    1224
    1366
    1361
    1354
    1354
    1260
    1231
    1278
    1194
    1140
    1248
    1231
    1223
    1264
    1316
    1284
    1298
    1237
    1192
    1219
    1172
    1205
    1109
    1059
    1135
    1124
    1111
    1042
    1146
    1027
    1092
    1099
    1139
    1085
    1046
    1117
    1035
    1084
    1037
    1069
    1081
    1160
    1223
    1325
    1491
    1792
    1973
    2027
    2057
    1962
    1687
    1458
    1213
    1115
    1068
     971
     928
     938
     982
     948
     971
     949
     927
     930
     907
     898
     935
     964
     964
     962
     906
     872
     915
     964
     996
    1004
    1052
    1000
    1067
    1126
    1052
    1017
     935
     900
     839
     864
     853
     875
     847
     796
     851
     843
     848
     849
     850
     797
     816
     791
     789
     819
     794
     782
     793
     825
     814
     742
     843
     798
     784
     792
     850
     796
     907
     903
     947
     995
     953
     877
     815
     801
     757
     737
     730
     714
     732
     730
     700
     695
     700
     693
     685
     742
     713
     711
     729
     698
     669
     676
     653
     684
     671
     642
     670
     652
     656
     658
     629
     663
     649
     646
     625
     600
     624
     616
     621
     650
     612
     646
     672
     703
     764
     856
     952
    1027
    1122
    1155
    1085
     997
     865
     749
     704
     620
     753
     782
     973
    1189
    1643
    2335
    3561
    4893
    6739
    8282
    9301
    8989
    7697
    5795
    3599
    2236
    1257
     814
     629
     480
     517
     517
     533
     488
     505
     515
     509
     498
     472
     458
     501
     478
     453
     467
     462
     443
     455
     446
     489
     429
     429
     458
     440
     389
     411
     416
     415
     448
     419
     432
     473
     424
     444
     453
     460
     440
     403
     430
     423
     430
     419
     450
     397
     371
     402
     402
     401
     389
     381
     362
     397
     408
     416
     371
     383
     394
     367
     387
     338
     380
     345
     341
     347
     395
     401
     363
     380
     361
     413
     366
     363
     348
     358
     390
     349
     356
     359
     378
     348
     386
     333
     387
     385
     367
     373
     394
     356
     336
     352
     372
     352
     352
     377
     348
     353
     347
     328
     295
     337
     319
     337
     311
     358
     294
     310
     374
     295
     324
     323
     351
     345
     357
     326
     357
     346
     324
     323
     316
     329
     338
     341
     371
     396
     403
     400
     393
     417
     390
     351
     374
     318
     313
     327
     296
     298
     317
     344
     333
     321
     318
     316
     272
     338
     335
     342
     311
     316
     262
     306
     322
     328
     336
     283
     329
     327
     322
     335
     286
     279
     324
     285
     372
     342
     382
     418
     401
     424
     428
     441
     416
     350
     348
     328
     327
     260
     305
     315
     306
     323
     300
     281
     307
     297
     308
     301
     300
     319
     294
     313
     308
     308
     306
     286
     299
     300
     295
     309
     283
     285
     299
     291
     347
     359
     363
     360
     376
     353
     387
     358
     335
     329
     285
     302
     316
     326
     329
     309
     310
     289
     290
     294
     293
     305
     315
     294
     329
     358
     327
     289
     322
     287
     284
     318
     278
     292
     285
     281
     317
     308
     343
     310
     322
     348
     350
     323
     316
     324
     319
     313
     335
     346
     339
     327
     353
     308
     323
     330
     361
     355
     343
     368
     357
     373
     338
     352
     345
     398
     380
     374
     426
     442
     502
     501
     533
     592
     783
    1017
    1490
    2161
    3445
    5717
    9218
   15256
   24014
   37531
   55284
   74497
   92512
  101186
   99080
   84633
   62829
   40561
   22437
   10613
    4582
    1708
     697
     413
     286
     265
     222
     247
     248
     236
     253
     247
     218
     197
     233
     175
     218
     175
     195
     211
     199
     188
     191
     189
     210
     207
     189
     224
     174
     164
     189
     155
     187
     180
     156
     203
     180
     170
     189
     153
     163
     173
     143
     180
     163
     123
     143
     153
     174
     174
     175
     172
     160
     157
     167
     168
     179
     167
     149
     174
     162
     185
     210
     181
     216
     214
     203
     187
     204
     178
     192
     185
     161
     173
     152
     155
     153
     148
     132
     139
     149
     157
     149
     150
     128
     139
     132
     160
     131
     161
     148
     148
     156
     138
     131
     146
     135
     150
     137
     141
     130
     133
     155
     125
     153
     144
     150
     150
     133
     147
     155
     135
     147
     148
     145
     144
     159
     165
     193
     208
     230
     307
     413
     597
     794
    1213
    1627
    2000
    2554
    2724
    2794
    2556
    2564
    2609
    3205
    4059
    4952
    5752
    6009
    5407
    4488
    3167
    2008
    1038
     528
     310
     164
     124
     124
     117
     118
      93
     109
     108
     111
     115
     109
     108
     107
      88
      96
     119
      91
      96
     100
      92
      97
     102
      92
     100
     105
     103
     105
      99
     109
     109
     107
     114
     124
     106
      95
      94
     103
      82
     101
      95
     103
     102
      98
      99
      83
      91
      81
      92
      99
     105
     104
      85
     101
      89
     104
      81
      94
      91
      83
      90
      98
      84
      81
      84
     100
      97
      98
      81
      93
      92
      93
     101
     102
      98
      91
      98
      98
      75
      70
      86
      91
     100
      98
      95
     106
     113
      98
     139
     122
     127
      96
      80
      89
      99
     106
      90
      78
      97
     101
      95
     110
     100
     105
     101
      96
      97
     108
      88
      93
     100
      74
      92
      98
     106
      88
      84
      92
     108
      98
      96
     112
     120
     137
     130
     139
     128
     117
     120
      96
     113
      95
      98
      96
      79
      98
      98
      95
      84
      72
      86
      83
      77
      87
      94
      78
      64
      85
      73
      87
      81
      87
      86
      72
      86
     107
     103
     100
     100
     114
      93
      74
      76
      99
     100
     102
     112
     118
     160
     181
     237
     333
     508
     677
     858
    1084
    1261
    1364
    1424
    1119
    1031
     769
     541
     463
     269
     204
     135
     101
      71
      85
      63
      69
      68
      81
      69
      65
      81
      69
      83
      82
      62
      79
      76
      65
      77
      79
      55
      92
      76
      73
      63
      70
      62
      64
      71
      60
      59
      67
      89
      65
      86
      76
      64
      70
      58
      65
      55
      69
      72
      66
      56
      66
      72
      64
      65
      58
      71
      82
      78
      60
      76
      68
      78
      62
      57
      77
      67
      70
      79
      63
      77
      70
      70
      58
      60
      70
      73
      66
      70
      68
      71
      59
      69
      77
      59
      72
      70
      53
      67
      68
      81
      60
      66
      51
      63
      67
      74
      56
      62
      54
      69
      56
      45
      58
      60
      64
      65
      67
      54
      46
      76
      69
      54
      54
      56
      54
      61
      48
      68
      69
      58
      60
      57
      57
      55
      64
      61
      62
      52
      65
      67
      66
      63
      62
      76
      57
      63
      81
      87
      99
      82
      99
      78
      90
      72
      76
      68
      66
      82
      80
      63
      63
      61
      61
      68
      67
      75
      78
     106
     122
     128
     143
     119
     121
     102
      99
      93
      84
      82
      90
      77
      82
      95
      95
     119
      90
      75
      78
      58
      78
      67
      75
      62
      76
      76
      71
      59
      67
      61
      41
      70
      69
      60
      61
      61
      72
      67
      53
      59
      60
      64
      50
      69
      69
      70
      71
      70
     101
      74
     121
      94
      90
      76
      72
      87
      71
      81
      85
      81
      71
      65
      51
      59
      55
      63
      52
      60
      64
      70
      64
      55
      62
      58
      59
      71
      67
      52
      44
      63
      57
      55
      48
      66
      66
      60
      55
      74
      72
      68
      78
      78
      74
      87
      78
      71
      71
      56
      41
      44
      40
      45
      52
      60
      45
      59
      67
      32
      55
      40
      45
      54
      52
      65
      72
      55
      80
      83
      87
      86
      74
      75
      69
      55
      58
      57
      42
      51
      51
      55
      33
      56
      52
      57
      50
      52
      58
      58
      62
      58
      49
      53
      55
      42
      72
      55
      57
      61
      62
      64
      83
      86
      95
      73
      89
      85
      57
      69
      58
      67
      68
      68
      78
      64
      80
      69
      71
      79
      74
      56
      68
      54
      43
      50
      44
      56
      53
      63
      57
      41
      62
      44
      57
      47
      44
      49
      38
      48
      34
      53
      43
      41
      49
      59
      38
      47
      44
      45
      55
      60
      71
      64
      62
      66
      52
      56
      52
      62
      51
      48
      55
      50
      55
      48
      40
      50
      39
      55
      41
      56
      38
      47
      49
      45
      45
      49
      41
      45
      41
      33
      40
      38
      39
      41
      40
      39
      44
      42
      47
      42
      53
      51
      47
      41
      46
      38
      48
      50
      42
      59
      43
      36
      33
      47
      32
      49
      38
      33
      37
      50
      38
      46
      46
      38
      50
      42
      39
      44
      45
      53
      51
      44
      57
      42
      47
      48
      48
      35
      31
      40
      35
      36
      40
      36
      49
      47
      51
      55
      45
      65
      57
      35
      51
      47
      32
      35
      38
      32
      41
      62
      45
      41
      54
      44
      46
      57
      30
      48
      51
      46
      37
      51
      42
      38
      43
      34
      32
      45
      49
      47
      38
      36
      34
      35
      39
      34
      56
      40
      43
      39
      55
      34
      31
      55
      42
      40
      42
      42
      32
      56
      41
      52
      48
      56
      46
      46
      49
      48
      45
      34
      38
      47
      39
      36
      41
      37
      31
      37
      43
      39
      47
      39
      47
      49
      35
      53
      45
      44
      43
      45
      42
      45
      37
      32
      48
      46
      47
      36
      57
      58
      60
      42
      53
      62
      50
      69
      77
      93
      88
      96
     103
      96
      76
      74
      65
      62
      36
      55
      43
      41
      26
      46
      32
      36
      42
      45
      34
      43
      43
      40
      47
      34
      47
      52
      44
      42
      46
      37
      41
      52
      32
      30
      49
      46
      51
      38
      36
      40
      44
      33
      41
      40
      39
      51
      53
      46
      36
      46
      45
      51
      47
      39
      46
      35
      39
      54
      41
      48
      54
      44
      44
      43
      43
      35
      42
      34
      40
      38
      34
      44
      36
      31
      47
      32
      37
      33
      33
      32
      21
      36
      46
      40
      34
      45
      49
      66
      57
      50
      77
     125
     145
     213
     221
     281
     324
     335
     312
     266
     220
     136
     104
      81
      61
      69
      79
      61
      79
      72
      74
      69
      47
      59
      41
      39
      40
      33
      43
      35
      32
      46
      32
      37
      36
      27
      33
      37
      33
      38
      32
      38
      54
      45
      58
      67
      59
      65
      53
      52
      52
      39
      29
      45
      30
      34
      39
      29
      34
      27
      33
      42
      28
      34
      45
      22
      27
      37
      37
      40
      40
      37
      34
      51
      25
      25
      24
      37
      35
      42
      35
      42
      38
      34
      43
      29
      37
      28
      26
      41
      34
      24
      28
      37
      32
      37
      21
      39
      40
      40
      34
      32
      32
      35
      39
      27
      27
      29
      35
      39
      40
      40
      23
      45
      27
      39
      33
      38
      32
      34
      25
      31
      26
      33
      39
      37
      28
      26
      27
      43
      40
      34
      27
      37
      28
      38
      38
      32
      36
      29
      35
      30
      37
      30
      34
      34
      21
      39
      29
      40
      27
      37
      30
      36
      32
      45
      33
      36
      30
      33
      30
      43
      30
      38
      44
      39
      33
      35
      40
      35
      31
      39
      36
      29
      34
      33
      28
      39
      46
      34
      35
      37
      34
      34
      28
      38
      25
      33
      30
      29
      35
      31
      37
      31
      35
      32
      30
      30
      37
      31
      31
      44
      22
      36
      29
      47
      34
      43
      31
      49
      32
      35
      37
      32
      42
      32
      34
      24
      30
      38
      30
      41
      41
      39
      38
      37
      46
      42
      58
      48
      65
      65
      63
      66
      72
      63
      54
      53
      53
      31
      52
      25
      34
      33
      25
      34
      37
      32
      40
      28
      37
      33
      40
      40
      31
      47
      35
      25
      37
      34
      33
      27
      35
      34
      44
      38
      28
      35
      26
      30
      29
      23
      33
      33
      37
      36
      26
      30
      28
      38
      35
      32
      33
      24
      33
      32
      26
      44
      23
      33
      30
      29
      34
      38
      44
      31
      32
      35
      34
      31
      30
      24
      44
      31
      28
      45
      36
      42
      37
      34
      27
      37
      30
      23
      33
      34
      39
      39
      21
      28
      19
      37
      27
      32
      25
      28
      26
      32
      26
      29
      37
      29
      37
      27
      35
      33
      26
      36
      34
      44
      34
      37
      44
      38
      42
      29
      36
      28
      47
      34
      25
      36
      42
      24
      21
      31
      28
      35
      18
      31
      29
      24
      28
      29
      30
      31
      22
      35
      20
      32
      33
      31
      29
      37
      24
      28
      28
      22
      34
      29
      33
      33
      23
      29
      21
      33
      44
      24
      28
      25
      29
      32
      25
      37
      29
      33
      34
      32
      32
      29
      29
      30
      33
      34
      26
      25
      26
      23
      25
      31
      38
      39
      29
      33
      32
      41
      28
      25
      25
      36
      30
      26
      27
      31
      23
      27
      32
      25
      39
      21
      32
      26
      44
      31
      26
      36
      21
      34
      21
      37
      25
      36
      29
      23
      25
      27
      31
      32
      29
      32
      28
      41
      30
      25
      39
      26
      32
      20
      24
      33
      30
      42
      13
      26
      27
      34
      28
      33
      24
      31
      36
      29
      34
      28
      29
      43
      17
      37
      29
      29
      27
      36
      36
      31
      29
      26
      38
      33
      37
      35
      44
      45
      32
      40
      40
      41
      40
      45
      44
      36
      36
      27
      24
      13
      20
      37
      27
      20
      28
      32
      24
      31
      31
      27
      28
      26
      32
      28
      28
      36
      34
      19
      27
      22
      34
      34
      28
      31
      36
      26
      25
      22
      24
      37
      35
      33
      35
      27
      28
      28
      24
      28
      27
      30
      20
      20
      29
      35
      25
      30
      32
      23
      27
      32
      33
      38
      26
      24
      25
      28
      36
      30
      23
      32
      25
      31
      33
      27
      31
      34
      25
      29
      24
      24
      34
      27
      30
      28
      41
      28
      34
      26
      30
      23
      25
      32
      25
      22
      25
      28
      24
      28
      30
      17
      28
      29
      23
      27
      34
      33
      20
      27
      23
      27
      28
      28
      25
      25
      26
      18
      31
      33
      25
      24
      28
      29
      40
      23
      30
      30
      24
      31
      20
      20
      17
      30
      27
      35
      24
      25
      24
      25
      22
      26
      23
      22
      26
      25
      23
      18
      19
      22
      19
      28
      26
      31
      31
      19
      19
      16
      19
      27
      11
      29
      29
      24
      29
      37
      34
      27
      25
      26
      24
      26
      33
      32
      21
      24
      25
      27
      17
      27
      18
      23
      25
      33
      29
      33
      25
      29
      32
      27
      32
      24
      24
      35
      27
      23
      15
      25
      23
      23
      25
      21
      25
      32
      26
      18
      25
      20
      19
      26
      19
      24
      23
      29
      28
      32
      25
      26
      28
      28
      16
      22
      27
      29
      27
      22
      21
      22
      35
      27
      23
      26
      25
      23
      22
      20
      31
      21
      26
      18
      24
      23
      30
      27
      20
      21
      22
      33
      25
      28
      28
      21
      30
      21
      28
      29
      31
      21
      30
      27
      28
      20
      26
      25
      17
      24
      23
      34
      35
      29
      27
      28
      18
      24
      29
      22
      28
      24
      26
      25
      34
      27
      18
      26
      28
      27
      22
      19
      22
      35
      27
      27
      12
      22
      23
      21
      30
      31
      20
      22
      23
      28
      28
      24
      27
      29
      30
      28
      30
      19
      20
      24
      22
      27
      22
      24
      31
      29
      27
      21
      27
      28
      22
      28
      23
      23
      25
      34
      28
      20
      21
      20
      23
      22
      28
      35
      19
      32
      24
      29
      24
      24
      30
      25
      25
      25
      26
      23
      26
      28
      24
      29
      25
      23
      21
      34
      29
      20
      28
      37
      24
      42
      22
      22
      29
      34
      21
      29
      26
      21
      20
      22
      24
      26
      18
       9
      24
      23
      19
      23
      22
      21
      24
      24
      19
      18
      25
      24
      25
      19
      34
      21
      16
      28
      19
      24
      25
      24
      20
      21
      34
      33
      20
      25
      24
      18
      32
      26
      22
      31
      24
      24
      38
      23
      33
      16
      23
      25
      27
      28
      25
      28
      20
      23
      23
      18
      22
      21
      25
      29
      26
      25
      20
      27
      48
      48
      52
      63
      64
      66
      70
      81
      94
     101
      80
      67
      75
      58
      43
      43
      38
      33
      31
      33
      31
      49
      20
      29
      32
      34
      14
      33
      35
      23
      16
      24
      23
      19
      27
      25
      25
      28
      17
      25
      19
      25
      27
      30
      33
      28
      39
      38
      41
      35
      40
      57
      41
      37
      28
      27
      27
      31
      17
      24
      21
      21
      28
      17
      23
      23
      25
      21
      23
      25
      30
      18
      24
      20
      29
      23
      25
      22
      25
      18
      25
      29
      23
      23
      26
      26
      27
      28
      24
      20
      20
      19
      22
      28
      17
      16
      20
      27
      24
      25
      29
      23
      19
      16
      18
      15
      24
      16
      18
      16
      24
      19
      23
      20
      29
      24
      20
      26
      20
      22
      29
      25
      12
      37
      13
      17
      26
      18
      24
      32
      28
      23
      26
      16
      24
      25
      24
      25
      31
      22
      31
      20
      24
      17
      22
      24
      23
      21
      19
      28
      25
      19
      19
      20
      29
      18
      21
      19
      29
      32
      26
      25
      21
      31
      28
      27
      24
      23
      30
      22
      16
      20
      25
      25
      25
      21
      22
      23
      33
      38
      18
      14
      18
      27
      21
      25
      17
      29
      20
      21
      32
      26
      25
      22
      32
      13
      26
      21
      25
      14
      19
      20
      24
      27
      22
      30
      23
      20
      23
      17
      28
      20
      21
      31
      35
      11
      26
      21
      23
      20
      31
      22
      20
      20
      19
      17
      20
      19
      22
      18
      26
      25
      14
      20
      16
      26
      26
      19
      25
      14
      22
      29
      16
      17
      21
      13
      34
      22
      19
      22
      22
      27
      20
      24
      22
      18
      25
      19
      24
      25
      25
      20
      20
      28
      30
      20
      23
      17
      25
      28
      26
      20
      26
      29
      28
      27
      41
      41
      59
      54
      82
      81
      94
     103
      98
      94
      81
      58
      63
      47
      34
      31
      28
      13
      22
      30
      21
      19
      21
      23
      17
      15
      21
      20
      16
      20
      19
      28
      26
      14
      16
      19
      18
      18
      18
      23
      16
      28
      12
      27
      19
      19
      27
      23
      24
      20
      25
      29
      18
      33
      41
      30
      39
      49
      61
      63
      65
      55
      58
      50
      39
      39
      34
      22
      16
      24
      18
      11
      25
      19
      19
      30
      17
      29
      22
      15
      21
      22
      20
      16
      19
      23
      18
      21
      19
      19
      25
      22
      16
      21
      17
      22
      16
      22
      20
      25
      24
      19
      17
      17
      16
      24
      25
      30
      17
      19
      28
      20
      20
      23
      20
      16
       9
      22
      21
      20
      22
      27
      16
      28
      19
      29
      19
      25
      13
      18
      18
      24
      15
      18
      19
      22
      23
      21
      21
      32
      13
      28
      21
      22
      17
      24
      24
      19
      22
      20
      20
      27
      18
      18
      22
      26
      19
      20
      29
      27
      17
      19
      30
      23
      21
      19
      28
      29
      24
      26
      17
      19
      23
      27
      21
      19
      22
      25
      23
      28
      23
      19
      19
      24
      24
      25
      22
      24
      21
      20
      20
      16
      16
      21
      19
      18
      16
      27
      22
      22
      16
      22
      18
      25
      16
      29
      22
      22
      13
      29
      17
      24
      17
      32
      20
      26
      13
      20
      19
      18
      28
      25
      25
      16
      19
      16
      20
      21
      15
      24
      36
      29
      14
      16
      21
      16
      11
      20
      16
      20
      21
      19
      14
      21
      21
      30
      26
      27
      16
      28
      20
      20
      34
      20
      28
      25
      20
      29
      17
      23
      33
      20
      17
      15
      27
      26
      17
      17
      23
      16
      20
      23
      24
      12
      23
      14
      22
      19
      26
      27
      22
      23
      18
      23
      20
      16
      13
      19
      18
      23
      22
      28
      30
      15
      18
      18
      17
      21
      22
      21
      15
      10
      16
      29
      17
      20
      21
      22
      21
      14
      23
      17
      16
      19
      26
      19
      24
      13
      18
      28
      16
      30
      22
      20
      21
      18
      24
      22
      19
      21
      24
      19
      26
      23
      25
      21
      24
      23
      36
      19
      33
      16
      29
      17
      25
      32
      23
      23
      17
      23
      20
      20
      18
      22
      22
      19
      13
      22
      26
      27
      26
      20
      14
      25
      15
      18
      26
      26
      26
      22
      31
      19
      13
      14
      18
      23
      21
      16
      17
      14
      22
      16
      31
      17
      21
      22
      20
      30
      14
      20
      25
      20
      25
      18
      18
      26
      30
      14
      18
      20
      27
      23
      22
      24
      26
      20
      27
      29
      21
      22
      14
      20
      33
      18
      20
      17
      15
      17
      17
      22
      23
      20
      22
      24
      24
      30
      27
      25
      22
      29
      17
      28
      25
      23
      20
      19
      12
      34
      17
      17
      25
      21
      27
      28
      27
      22
      31
      23
      25
      16
      20
      22
      30
      24
      18
      26
      27
      25
      23
      28
      25
      15
      21
      19
      31
      24
      23
      24
      18
      29
      27
      17
      32
      16
      28
      33
      17
      18
      29
      20
      21
      27
      22
      16
      20
      31
      17
      27
      20
      14
      15
      20
      20
      14
      29
      23
      26
      17
      16
      18
      21
      19
      26
      16
      28
      10
      21
      19
      19
      22
      13
      18
      11
      18
      16
      19
      15
      22
      23
      21
      21
      20
      22
      21
      19
      15
      21
      16
      20
      14
      17
      16
      16
      14
      10
       8
      16
      23
      21
      17
      17
      17
      16
      23
      19
      20
      22
      11
      10
      18
      21
      19
      20
      19
      13
      23
      20
      11
      20
      24
      15
      11
      24
      21
      18
      19
      20
      11
      20
      18
      27
      20
      20
      19
      16
      21
      15
      17
      13
      19
      14
      18
      18
      14
      12
      16
      21
      18
      17
      17
      19
      17
      26
      12
      14
       9
       8
       9
      18
      17
      17
      20
      19
      18
      14
      22
      15
      18
      15
      19
       9
       9
      18
      18
      12
      14
      19
      14
      13
      14
      13
      15
      18
      13
       8
      17
      17
      21
      23
      12
      13
      12
      12
      17
      19
      10
      17
      13
      13
       9
      13
      12
      19
      16
      12
      22
      14
      19
      12
      15
      10
      20
      23
      17
      12
      10
      16
      18
      17
      16
      14
      12
      12
      21
      19
      13
      13
      15
      22
      24
      40
      32
      32
      31
      46
      29
      34
      18
      25
      17
      17
      10
      11
      17
      22
      14
      18
      14
       9
      26
      17
      16
      12
      12
      10
      17
      11
      14
      15
      14
      15
      20
      10
      17
      10
      22
       8
      16
      10
      17
      13
      15
      18
      14
      14
      11
      10
      17
      12
      19
      10
      17
      10
      15
      20
      11
      13
      13
      12
       7
      12
      12
      15
      21
      12
       8
      17
       9
      13
      17
       8
      19
      16
       9
       9
       9
      17
      11
      13
      12
      14
      14
      10
      11
      16
      13
      11
       7
      16
      17
      11
       7
      12
       5
      10
      15
      17
      14
      10
      11
      11
      17
       6
      13
      16
       9
       8
      14
       7
      16
       9
      17
       8
      10
       6
      15
      10
       9
      12
       8
      15
       9
       9
      13
       9
      13
      14
      18
      16
      11
      10
       9
      11
      10
      14
      11
      16
       9
       7
      13
       9
       9
      10
       6
      13
      11
       2
      12
       9
      12
      11
      10
       4
      15
      14
      16
      10
      11
      16
       7
      10
       7
      13
       8
       5
      10
       6
       6
      11
      11
       9
       8
       3
       7
       7
      10
      14
      10
       6
       8
      11
      15
       9
      10
      10
       8
      14
      14
      12
       9
      12
      12
      10
       9
      17
      15
      12
      15
      12
      11
      14
      16
       9
      18
       8
       9
      13
       8
       9
       9
       9
      10
      11
      10
       9
       9
      12
       9
       8
       3
       9
       7
       9
       6
       9
      11
       4
      17
       9
      13
      10
       6
      11
       4
      11
      10
      10
      10
      10
       5
      12
      11
      11
       8
      14
      12
      10
      11
      11
      10
       7
      12
       4
       9
       8
      16
       6
       9
       5
      13
      14
       9
       6
      12
       6
       9
       7
       9
      15
      14
      10
       9
       8
       7
       5
       9
       5
      14
      10
      12
       6
      14
       7
       8
       8
      10
      10
      13
       6
      10
       4
       9
       3
       6
      10
      10
       9
      12
       4
       6
       7
       9
       8
       7
      11
      11
       4
      10
      14
       7
       6
       6
       8
       7
       6
       6
      10
       6
       8
       7
       7
       6
       8
       8
      11
       8
      11
       6
       7
       6
       6
       6
      11
       7
       7
      10
       6
       4
      11
      14
       9
      10
      14
       5
       5
       7
      11
       4
       8
       8
      10
      10
       7
       9
       8
      13
       5
      10
       9
       9
       9
       4
      12
      13
       9
       5
       9
      14
       8
      11
      13
       5
       5
      15
       7
       8
       8
       6
      10
       5
       8
       7
       5
       8
       9
       6
      12
       3
      10
       6
      12
      15
       9
      10
      11
      12
       5
       9
      16
      10
       9
      10
      12
       8
       7
      11
      11
      11
       9
      12
       8
       3
       4
      10
       8
      12
       7
       7
       7
      13
       8
       8
      13
      10
      11
       6
       9
       6
      10
       8
      12
       8
       6
      11
       9
      14
       8
      12
       8
      10
      14
      15
      11
      12
      21
      12
      19
      22
      27
      50
      61
      85
     107
     156
     199
     273
     356
     390
     500
     535
     559
     531
     508
     453
     310
     238
     163
      96
      58
      38
      16
       8
       7
      11
       5
       8
       6
       7
       5
       7
       6
       5
      10
       8
       5
      13
       7
       8
       8
       8
       2
       6
       2
       8
      11
       5
      12
       9
       8
      10
       5
       6
       9
       9
       2
       4
       4
       3
       9
       6
       4
       6
      10
       5
       2
       4
       7
      10
       5
       2
       5
       7
       2
       8
       6
       7
      11
       9
       7
       6
      16
       7
      11
      10
       5
       3
      10
       4
       4
       7
       4
       8
       9
       9
       5
       4
       4
       7
       9
       5
       5
       5
       4
       8
       6
       7
       6
       8
       7
      11
       6
       3
       2
       4
       8
       4
       4
       6
       5
       6
       7
       4
       5
       4
       7
       6
       9
       7
       3
       9
       3
       7
       6
       5
       5
       6
       2
       8
      12
       8
       5
       9
       7
       7
       6
       4
       4
       5
       4
       8
      17
       7
       8
       4
       5
       7
       6
       2
       8
       1
      10
       8
       6
       4
       3
       8
       9
       4
       4
       7
       5
       5
       7
       8
       2
       5
       9
      10
       6
       3
       9
       7
      10
       9
       6
       6
       5
       8
       4
       8
       6
       4
       7
       5
       8
       7
       6
       4
       7
       5
       6
       8
       7
       5
       6
       4
       4
       3
       5
       3
       4
       4
       5
       9
       9
       6
       4
       7
       5
       2
       2
       5
       6
       6
       6
       6
       8
       5
      10
       4
      11
       4
       7
       4
      11
       7
       6
       6
       6
       2
       8
       6
       6
       7
       3
       4
       5
       7
       9
       4
       6
       3
       7
       5
       7
       4
      11
       6
       2
       9
       7
       8
       6
       5
       4
      11
       5
       4
       6
       5
       3
       5
       2
       4
       4
       6
       1
       1
       4
       4
       6
       5
       3
       6
       7
       6
       5
       8
       6
      12
       6
       7
       9
       3
       5
       9
       9
       8
       3
       2
       5
       6
       7
       5
       6
       3
       6
       4
       4
      10
       8
       2
       6
       6
       2
       6
       8
       5
       7
       5
      12
       6
      12
       8
       3
      10
       3
       4
       6
       8
      11
       6
       0
       5
       8
       2
       3
       3
      11
       1
       3
       8
       3
       8
       7
       4
       6
       8
       4
       4
       6
       1
      10
       7
       3
       6
       3
       3
       3
       5
       9
       2
       7
      15
       7
       3
       4
       5
       3
       7
       8
       9
       3
       6
       6
      11
       9
       6
       4
       6
       3
       3
       5
      12
       5
       6
       6
       7
      10
       5
       5
       8
      11
      10
      13
      10
      16
      14
       3
       6
      12
       6
       4
       6
       6
       6
       6
       3
       6
       6
      10
       7
       3
       5
       7
       8
       4
       3
       3
       8
       4
       5
       3
      10
       5
       6
       7
       5
       3
       6
       5
       5
       5
       5
       6
       7
       4
      11
       5
       4
       5
       9
       4
       7
       8
       4
       8
       5
       7
       5
       3
       6
       3
       5
       6
       5
       0
       3
       3
       4
       3
       3
       9
       4
       5
       6
       4
       7
       2
       4
       3
       4
      10
       5
       5
       8
       6
       4
       4
       6
       6
      11
       4
       6
       6
       7
       5
       8
       7
       6
       6
       6
       5
       4
       1
      10
       3
       1
       2
       6
       5
       3
       7
       8
       3
       9
      11
       3
       2
       2
       8
      10
       6
       8
       7
       7
       8
       3
      10
       6
       6
       3
       1
       3
       5
       3
       7
       5
       5
       5
       5
       9
       5
       9
       7
       1
       5
       2
       6
       7
      10
       7
      10
       4
      11
       4
      10
       6
      10
      11
       5
       5
       7
       7
       6
       6
       5
       6
       6
       5
       4
       6
       3
       5
       5
       7
      10
       5
       4
       2
       5
       6
       7
       9
      10
       3
       4
       2
       7
       4
      10
       8
       5
       5
       4
       7
       6
       9
       1
       9
       5
       6
       4
       6
       5
       3
       3
       8
       7
       9
       5
       8
       4
       4
       3
       3
       4
       6
       4
      12
       7
       5
       3
       3
       4
       4
       5
       8
       9
       9
       2
       8
       4
       8
       3
       6
      12
       6
       7
       4
       6
       6
       9
       7
       6
       4
      10
       2
      10
       6
       4
       9
       7
       4
       6
       4
       8
       8
       4
       9
       4
       8
       3
       9
       4
       5
       6
       9
       4
       3
       7
       4
       7
       5
       4
       7
       4
       6
       8
       3
       4
      10
      11
       3
       4
       6
       5
       4
      11
       9
       7
       3
       4
       5
       6
       8
       4
       8
      16
      12
       6
       6
       6
       4
      11
       9
       7
       3
       7
       2
       3
       6
       2
       3
       1
       9
       5
       5
       4
       8
       7
       5
       8
       5
       2
      10
       7
      10
       5
       6
       3
       9
       8
       5
       4
      10
       4
       3
       6
      10
       3
       9
      10
       7
       4
      12
       0
       7
       2
       4
      10
       5
       3
       4
      10
       4
       5
       8
      10
       5
       5
      10
       8
       6
       7
       4
       5
       8
       6
      10
      12
      10
       5
       6
      11
       5
       9
      11
       3
       3
       6
       5
       6
       6
      12
       6
       4
       6
       5
       4
       8
       8
      12
       9
       7
       6
       4
       3
       9
       7
       8
       9
      12
       8
      10
       4
       9
       9
       6
       9
       8
       8
       9
       8
       7
       5
      13
       9
      13
      10
       6
       9
       6
       9
       5
       7
       8
      12
       6
      11
       7
       6
       7
      16
       1
       9
       9
      11
      15
      11
       9
       6
      15
      12
      14
       9
      10
      15
      11
       8
       6
      11
       9
      11
      11
      14
      12
      14
      19
      22
      32
      44
      76
     114
     139
     198
     370
     673
    1120
    1836
    2973
    5669
   11703
   23765
   37285
   38658
   24809
    9464
    2111
     353
      95
      72
      49
      44
      34
      43
      42
      28
      39
      38
      39
      29
      24
      20
      33
      23
      17
      23
      28
      16
      21
      20
      24
      22
      17
      18
      23
      15
      22
      23
      15
      17
      20
      20
      19
      21
      20
      20
      17
      14
      23
      25
      12
      17
      21
       9
      27
      14
      25
       0
       0
       0
       0
       0
       0
       0
       0
       0
       0
       0
       0
       0
       0
       0
       0
       0
       0
       0
       0
       0
       0
       0
       0
       0
       0
       0
       0
       0
       0
       0
       0
       0
       0
       0
       0
       0
       0
       0
       0
       0
       0
       0
       0
       0
       0
       0
       0
       0
       0
       0
       0
       0
       0
       0
       0
       0
       0
       0
       0
       0
       0
       0
       0
       0
       0
       0
       0
       0
       0
       0
       0
       0
       0
       0
       0
       0
       0
       0
       0
       0
       0
       0
       0
       0
       0
       0
       0
       0
       0
       0
       0
       0
       0
       0
       0
       0
       0
       0
       0
       0
       0
       0
       0
       0
       0
       0
       0
       0
       0
       0
       0
       0
       0
       0
       0
       0
       0
       0
       0
       0
       0
       0
       0
       0
       0
       0
       0

