       0
       0
       0
       0
       0
       0
       0
       0
       0
       0
       0
       0
       0
       0
       0
       0
       0
       0
       0
       0
       0
       0
       0
       0
       0
       0
       0
       0
       0
       0
       0
       0
       0
       0
       0
       0
       0
       0
       0
       0
       0
       0
       0
       0
       5
      47
    4865
  108932
   97429
   79311
   78643
   83772
   88920
   95166
   99750
  102897
  103481
  104025
  104011
  102995
  101442
  100455
   98701
   97785
   96938
   95829
   95162
   94330
   94005
   93562
   93395
   92795
   92444
   91852
   91712
   90993
   90965
   90149
   90177
   89568
   89313
   88714
   88673
   88320
   87385
   87565
   86698
   87122
   85996
   86499
   86061
   85858
   85728
   85387
   85096
   84826
   84743
   84358
   84211
   83584
   83607
   83306
   83144
   82901
   82839
   82877
   82272
   82425
   81715
   81588
   81443
   81272
   80875
   81067
   80629
   80656
   80370
   79861
   80114
   79944
   79675
   79762
   80073
   79336
   79539
   79243
   79050
   78967
   78806
   78811
   78772
   77755
   78254
   78262
   77720
   78177
   77933
   77369
   77151
   77729
   77399
   77395
   77780
   77339
   76899
   77364
   77630
   77556
   77129
   77337
   76793
   76401
   76974
   77296
   76940
   77162
   77122
   76821
   76979
   76914
   76978
   76894
   76830
   77419
   77420
   77368
   77150
   77368
   77805
   77742
   77211
   78048
   77563
   78748
   78302
   78441
   78143
   78286
   78426
   78722
   79183
   78944
   79232
   79465
   80012
   79564
   79528
   80250
   79895
   80268
   80474
   80256
   81040
   81115
   81267
   81327
   81627
   82722
   83182
   85022
   85898
   85350
   84897
   84956
   86321
   89532
   91073
   89672
   86541
   85076
   86432
   87707
   87850
   87720
   85894
   86049
   86227
   85288
   85941
   85822
   86879
   86922
   87124
   86958
   87704
   87435
   88262
   88500
   88316
   88816
   89974
   90545
   91566
   92567
   92128
   91392
   91113
   91105
   92382
   93918
   93317
   92586
   91567
   91474
   91559
   91986
   92785
   93254
   93149
   92075
   92013
   93214
   93420
   94135
   94616
   94780
   95066
   94809
   94462
   94455
   94593
   94898
   94387
   94461
   94922
   94904
   94916
   94391
   95318
   95493
   95907
   96207
   96395
   96527
   96506
   96128
   96523
   96871
   96905
   96717
   97234
   97482
   97317
   97966
   97480
   97901
   98406
   98381
   98710
   98763
   98998
   99176
   99327
   99137
   99046
   99183
  100062
   99336
   99763
  100233
  100262
  100268
  100185
  100016
   99898
  101036
  100667
  101010
  101452
  101258
  101051
  101050
  101873
  101123
  102642
  101859
  101679
  102040
  101425
  101741
  101996
  101663
  101913
  102683
  101420
  102433
  102253
  103143
  103247
  102409
  102906
  102862
  103126
  103351
  103512
  102862
  103111
  103522
  102804
  102919
  103004
  103837
  103913
  103427
  103842
  103588
  104033
  104286
  103749
  104241
  103637
  103205
  104526
  104487
  104325
  104580
  104705
  103279
  103914
  103123
  103913
  103577
  103439
  103177
  103128
  103517
  103470
  103551
  103118
  102521
  103375
  103223
  103183
  103450
  103702
  103115
  103552
  103537
  103063
  103067
  102992
  102801
  102898
  103119
  103446
  102909
  102816
  102841
  102200
  101831
  102854
  101859
  102871
  102640
  101879
  102872
  102045
  101545
  102247
  101912
  101559
  101133
  101496
  101487
  101475
  101716
  101197
  101327
  100747
  101523
  101225
  101205
  101134
  101295
  100795
  101022
  100652
  100296
  100661
  100344
  100691
  100995
  100710
  101078
  100704
   99829
   99842
   99954
   99910
   99519
   99911
  100183
   99074
   99677
   99246
   99551
   99438
   99136
   99617
   98955
   99136
   98259
   99095
   99130
   99345
   99152
   98651
   99370
   98578
   98835
   97822
   99120
   99012
   99322
   98216
   98977
   98522
   98522
   98164
   99110
   97928
   98555
   98205
   98639
   98577
   98648
   98866
   98762
   99109
   98401
   98825
   98451
   98885
   98781
   98749
   98716
   99144
   99114
   99115
   99398
   99932
   99560
   99804
  100361
  100040
  100552
  100462
  100637
  101483
  101075
  102376
  102010
  102665
  102919
  104242
  103940
  105283
  106064
  106491
  107444
  109470
  110422
  112938
  115352
  117072
  119168
  120610
  122831
  124568
  125260
  124002
  122137
  119908
  118640
  118030
  115950
  115497
  114479
  113752
  113910
  112361
  112335
  111105
  110973
  110354
  109820
  109379
  108577
  108560
  107985
  107895
  107144
  107083
  106740
  106467
  105944
  105948
  105218
  104483
  104647
  104400
  104008
  103893
  103381
  102857
  102754
  102109
  101436
  101492
  101187
  101318
  101034
   99894
  100483
  100013
   99521
   99323
   98826
   98899
   98857
   98628
   98665
   98239
   98340
   97763
   97204
   96349
   97378
   96683
   96677
   96712
   98163
   98328
   98537
   98075
   96080
   96037
   94800
   95858
   95346
   95021
   94188
   95066
   94908
   94216
   94109
   93872
   94333
   93555
   94227
   93937
   93654
   93336
   93761
   93132
   93517
   93070
   93010
   93017
   92867
   92941
   92833
   92740
   92636
   92051
   91894
   91994
   91406
   91879
   91823
   92061
   91877
   91678
   90700
   92247
   91275
   91212
   90955
   91083
   90488
   90270
   90940
   90767
   90050
   90318
   90441
   90590
   90134
   90057
   89247
   89884
   89579
   89561
   89737
   89725
   89644
   89473
   89101
   89022
   89662
   88622
   88839
   89152
   89497
   88542
   89322
   89434
   89364
   89113
   89846
   93821
  101556
  113362
  119629
  112674
  100409
   92762
   89124
   90298
   91085
   91837
   92637
   92898
   91203
   89934
   88521
   86847
   87154
   87254
   86910
   86824
   87114
   86967
   86914
   86679
   86785
   86963
   86736
   86356
   87187
   87007
   85899
   86663
   86328
   85996
   86540
   85939
   85800
   86001
   86524
   86550
   86507
   86264
   86353
   85857
   85558
   86311
   86419
   85767
   86337
   86571
   86294
   86291
   85777
   85850
   86248
   85694
   85700
   86166
   86193
   85300
   85571
   85306
   84928
   85352
   85445
   84961
   85568
   85483
   85349
   85223
   85232
   84678
   84622
   84840
   84954
   84428
   84691
   84413
   84745
   84339
   84288
   84703
   83957
   84045
   83788
   84713
   85758
   86160
   86152
   86402
   85345
   84529
   84037
   83660
   83579
   83507
   83455
   83264
   83751
   83840
   83406
   83336
   82935
   83242
   82654
   83147
   83387
   83850
   84429
   84313
   83179
   82619
   82341
   82117
   81941
   81815
   82079
   81752
   82666
   81221
   81488
   81769
   81728
   81492
   81878
   81778
   81054
   81225
   81228
   80849
   81069
   81055
   80953
   81242
   80945
   80771
   81046
   80690
   81203
   80876
   80608
   80573
   80811
   79952
   80802
   79669
   80231
   80148
   80329
   79662
   79573
   79713
   79946
   80468
   83457
   87613
   91382
   91060
   86564
   82293
   80405
   79136
   79160
   79266
   79211
   79004
   78712
   79451
   80069
   80557
   80468
   80778
   79197
   78939
   77829
   77818
   78263
   78515
   77587
   77697
   77827
   78190
   77551
   77964
   77551
   77947
   78341
   77644
   77196
   77654
   77330
   77406
   77263
   76862
   76812
   77339
   77129
   76978
   76796
   77040
   77057
   77187
   76746
   77010
   76548
   76806
   76750
   77204
   77048
   76738
   77131
   76741
   76723
   76501
   76493
   76655
   76135
   76335
   76293
   76960
   76495
   76654
   76148
   76350
   76441
   76117
   76201
   75949
   76497
   75527
   76436
   75827
   76612
   75199
   76431
   75866
   75798
   75708
   75342
   75747
   75608
   75718
   75816
   76252
   76736
   77433
   77400
   77146
   76368
   75905
   75800
   75965
   75847
   75198
   75877
   75813
   75919
   75365
   75784
   75673
   75354
   75358
   75379
   75103
   74985
   75286
   75478
   75477
   75266
   75035
   75451
   76233
   77997
   80717
   82788
   81361
   78548
   76436
   75147
   74824
   75398
   75005
   75518
   75150
   74808
   74518
   74593
   74932
   74977
   75403
   74725
   74945
   74709
   74946
   74420
   75391
   75130
   74496
   74669
   74613
   74198
   74955
   74950
   74542
   75043
   75625
   75042
   76012
   78131
   83844
   91531
   97132
   95474
   86824
   79732
   76040
   75053
   74691
   74719
   74600
   74955
   74852
   74300
   74700
   74367
   74911
   74413
   74662
   74320
   74287
   74678
   75076
   74738
   74795
   74634
   74967
   74553
   74506
   74327
   74981
   74160
   74585
   74421
   74579
   75253
   74565
   74555
   74567
   75119
   74570
   75067
   75503
   74523
   75077
   74445
   74843
   75221
   74866
   75179
   75364
   75133
   75408
   75047
   75486
   75101
   75444
   75369
   75309
   75327
   75885
   75523
   75663
   75378
   76102
   75650
   75738
   75662
   75945
   75947
   75909
   75596
   75926
   76146
   76124
   75889
   76008
   76286
   76200
   76012
   76522
   76350
   76378
   76755
   76697
   76833
   76707
   76676
   76797
   76566
   76701
   77373
   77116
   76923
   76891
   77534
   76954
   76765
   77313
   77464
   77601
   77895
   77947
   78018
   78103
   77866
   78024
   77801
   78356
   78436
   78149
   78083
   78248
   78468
   78394
   78579
   78797
   78872
   78353
   78879
   78867
   79333
   79024
   79432
   79645
   79605
   79490
   79789
   79981
   79675
   80084
   80338
   80016
   80142
   80218
   80472
   80721
   80894
   81124
   80706
   81225
   81107
   81385
   81321
   81368
   81312
   81839
   81864
   81714
   82125
   82990
   82348
   82412
   82776
   82703
   82629
   83010
   83304
   84434
   83996
   85167
   84181
   83689
   83725
   84092
   84377
   83760
   84770
   84178
   84312
   84492
   84865
   85088
   84507
   85032
   85497
   85811
   85810
   85851
   86213
   85981
   86246
   86247
   86058
   86902
   86787
   86909
   87228
   87217
   87053
   87249
   87645
   87733
   87858
   87843
   88291
   88913
   89118
   88811
   88983
   89044
   89411
   89619
   89420
   89932
   89783
   90566
   90307
   90633
   90704
   91131
   91258
   91356
   90579
   91967
   91776
   91358
   91952
   91993
   92187
   92386
   92435
   93193
   92873
   93638
   93526
   93737
   93781
   93670
   93855
   93869
   94152
   95049
   94627
   94890
   95480
   95333
   95430
   95445
   96552
   95829
   96548
   96463
   96761
   96787
   96835
   97103
   97507
   98044
   97396
   98180
   98773
   97648
   98441
   98679
   98635
   99328
   98940
   99180
   99217
   99510
  100412
  100095
  100139
  100650
  100702
  100961
  100989
  101460
  101419
  101579
  101482
  102247
  102372
  102188
  102355
  102403
  103494
  103167
  103720
  103776
  103591
  103656
  104091
  104609
  104630
  104462
  104072
  104885
  105075
  105284
  105391
  105004
  105425
  105900
  105589
  105752
  106270
  105948
  105852
  106401
  106388
  107640
  107580
  108970
  109425
  109620
  108880
  107658
  107632
  107526
  107354
  107692
  107759
  107498
  107331
  107352
  108064
  107452
  106965
  107758
  107163
  107099
  107072
  106997
  106560
  105741
  105814
  105721
  105791
  104738
  104613
  104004
  103263
  102922
  101697
  100973
   99698
   98836
   97829
   96331
   94884
   93491
   91870
   89761
   87241
   85774
   83626
   82083
   80280
   79014
   77782
   77099
   75825
   74170
   73846
   72205
   71373
   70894
   69498
   69605
   68482
   67869
   67453
   66667
   66291
   65902
   65481
   64631
   64390
   64170
   63543
   63245
   62885
   62501
   62224
   61595
   61205
   60964
   60499
   60447
   60405
   59636
   59527
   59047
   58494
   58808
   57835
   57807
   57872
   57483
   56803
   56930
   56860
   56604
   56043
   55604
   55558
   55661
   55322
   54703
   54850
   54967
   54059
   53937
   53865
   53531
   52839
   52562
   52392
   52787
   52993
   51987
   51860
   51853
   51387
   51297
   51430
   51035
   50605
   50511
   49968
   49903
   49799
   49033
   49406
   49181
   48992
   48817
   48843
   49275
   49869
   50574
   51166
   53026
   54677
   54998
   53919
   51401
   49624
   48696
   47422
   46832
   46075
   45234
   45010
   45054
   44877
   44773
   44242
   44174
   43517
   43864
   43227
   43055
   43366
   42501
   42469
   42023
   42136
   41660
   41721
   41305
   41091
   41096
   40682
   40129
   40442
   40495
   40059
   39958
   40109
   39187
   39601
   39112
   39143
   38533
   38538
   37948
   38279
   38219
   37619
   37390
   37081
   37011
   36845
   36309
   36405
   36628
   35939
   36434
   35837
   35595
   35068
   35213
   35114
   34985
   34708
   34692
   34386
   33769
   34354
   34120
   33647
   33696
   33179
   33025
   32867
   32846
   32321
   32279
   32314
   32033
   32034
   31488
   31463
   31501
   30997
   30705
   30993
   30220
   30434
   29909
   30181
   30077
   29749
   29702
   29668
   29336
   29034
   29000
   28789
   28498
   28792
   28093
   28043
   28013
   28015
   27326
   27552
   27503
   27089
   27212
   26988
   26626
   26782
   26274
   26509
   26316
   25983
   25842
   25921
   25709
   25588
   25690
   25413
   25181
   24928
   25031
   24861
   24631
   24467
   24777
   24496
   24502
   24242
   24253
   24005
   24143
   23866
   23740
   23929
   23471
   23550
   23555
   23570
   23369
   23639
   23538
   23210
   23050
   22879
   22835
   22653
   22632
   22650
   22607
   22477
   22355
   22287
   22252
   22272
   21975
   22019
   22242
   22204
   22157
   21694
   21967
   22073
   21882
   21834
   21740
   21838
   21945
   21708
   21556
   21377
   21378
   21565
   21391
   21386
   21055
   21465
   21148
   21182
   21261
   20993
   21005
   21256
   21228
   20874
   21206
   21025
   21085
   21054
   21086
   21106
   21309
   21998
   23604
   27419
   32643
   36668
   35810
   31679
   26003
   22638
   21244
   20708
   20605
   20296
   20058
   20361
   20414
   20348
   20151
   20246
   19865
   20111
   20098
   20340
   20188
   19874
   19851
   19717
   19928
   19601
   19499
   19792
   19657
   19916
   19601
   19949
   19710
   19772
   19588
   19822
   19965
   19789
   19553
   19597
   19505
   19343
   19208
   19230
   19235
   19288
   19366
   19376
   19183
   19004
   19267
   19096
   19189
   19012
   19183
   19263
   19190
   19373
   18938
   18547
   19256
   18890
   18939
   18990
   18870
   18952
   18978
   19116
   19739
   21886
   26445
   33193
   39825
   40757
   35669
   27944
   22437
   19654
   18711
   18185
   18190
   18055
   18328
   18582
   18236
   17969
   18287
   18155
   18121
   18023
   17863
   18150
   18075
   18234
   18190
   18041
   17916
   17998
   17962
   17695
   17939
   17921
   17786
   17924
   17763
   17641
   17694
   17560
   17673
   17586
   17530
   17610
   17471
   17508
   17370
   17587
   17254
   17651
   17615
   17401
   17478
   17379
   17326
   17196
   17437
   17200
   17401
   17534
   17335
   17617
   17391
   17351
   17018
   17146
   17086
   17189
   17348
   17073
   17429
   17102
   17253
   17280
   17384
   17275
   17028
   17079
   17068
   17084
   17154
   17408
   17155
   17174
   17303
   17145
   17224
   17325
   17142
   17097
   17175
   17254
   17106
   17194
   17187
   17203
   17369
   17484
   17375
   17447
   17563
   17545
   17404
   17842
   17434
   17738
   17379
   17796
   17907
   17608
   17691
   18287
   18184
   18006
   18344
   18372
   18438
   18733
   18834
   18944
   18858
   18923
   18944
   19088
   19265
   19218
   19170
   19612
   19757
   19884
   20023
   20358
   21049
   21616
   22049
   22871
   23635
   25334
   28240
   34568
   50002
   91068
  213318
  580374
 1538160
 3459385
 6129551
 8228040
 8253323
 6154875
 3415442
 1430345
  462619
  122962
   31381
   11577
    7690
    7069
    6610
    6370
    5834
    5554
    5485
    5073
    5018
    4880
    4810
    4819
    4835
    4791
    4501
    4742
    4564
    4500
    4440
    4440
    4396
    4324
    4205
    4322
    4294
    4353
    4178
    4237
    4141
    4192
    4178
    4082
    4124
    4165
    3995
    4089
    3923
    4087
    3942
    3974
    4004
    4023
    4043
    3968
    3780
    3847
    3818
    3818
    3846
    3806
    3930
    3848
    3823
    3725
    3742
    3726
    3747
    3685
    3709
    3772
    3791
    3633
    3689
    3760
    3747
    3598
    3655
    3717
    3628
    3595
    3570
    3633
    3626
    3639
    3618
    3620
    3683
    3623
    3578
    3461
    3596
    3579
    3481
    3620
    3567
    3619
    3531
    3491
    3454
    3489
    3518
    3539
    3483
    3531
    3559
    3512
    3410
    3484
    3588
    3488
    3596
    3596
    3596
    3625
    3655
    3628
    3519
    3485
    3533
    3438
    3471
    3363
    3452
    3445
    3383
    3454
    3487
    3475
    3489
    3343
    3416
    3429
    3425
    3298
    3378
    3356
    3340
    3294
    3317
    3211
    3294
    3247
    3265
    3295
    3380
    3315
    3223
    3302
    3245
    3262
    3206
    3319
    3163
    3272
    3315
    3242
    3305
    3279
    3288
    3312
    3360
    3438
    3380
    3263
    3278
    3305
    3276
    3181
    3198
    3137
    3133
    3161
    3055
    3202
    3204
    3247
    3409
    3764
    4520
    5647
    6457
    6601
    5716
    4597
    3786
    3373
    3150
    3160
    3033
    3092
    3083
    3179
    3144
    3080
    3103
    2988
    3140
    3060
    3253
    3138
    3074
    3108
    3056
    3109
    3096
    3061
    3041
    3141
    3063
    3015
    2989
    3064
    2972
    3017
    3024
    3109
    3073
    3027
    3185
    2956
    3111
    3072
    3123
    3078
    3164
    3070
    3031
    3065
    2908
    2962
    2971
    3051
    3031
    2891
    3039
    2979
    2956
    2985
    3020
    2880
    2923
    2997
    2911
    2958
    2936
    2993
    2879
    3004
    3006
    2929
    2940
    2964
    2975
    2947
    3132
    3214
    3359
    3396
    3343
    3148
    3051
    3001
    2950
    2853
    2867
    2932
    2868
    2861
    2764
    2867
    2901
    2870
    2818
    2930
    2853
    2942
    2943
    3067
    3141
    3196
    3034
    2990
    3015
    2955
    2905
    3027
    3051
    3087
    3239
    3204
    3727
    4242
    4870
    4897
    4603
    3866
    3261
    2949
    2873
    2757
    2862
    3088
    3344
    3469
    3484
    3369
    2980
    2832
    2782
    2819
    2745
    2744
    2728
    2714
    2676
    2786
    2750
    2633
    2741
    2610
    2756
    2803
    2606
    2761
    2688
    2716
    2790
    2680
    2830
    2874
    3006
    2986
    2934
    2812
    2766
    2719
    2889
    2981
    3253
    3702
    3632
    3474
    3302
    3017
    2845
    2895
    2897
    3179
    3319
    3225
    3098
    2892
    2699
    2774
    2771
    2657
    2617
    2576
    2679
    2721
    2734
    2758
    3176
    3715
    4343
    4634
    4512
    3998
    3299
    2855
    2692
    2579
    2614
    2627
    2622
    2582
    2589
    2541
    2624
    2653
    2511
    2598
    2557
    2487
    2490
    2594
    2559
    2601
    2560
    2561
    2618
    2539
    2587
    2734
    2863
    3041
    3041
    3100
    2802
    2642
    2595
    2591
    2493
    2454
    2555
    2461
    2569
    2457
    2580
    2527
    2485
    2477
    2684
    2490
    2488
    2467
    2485
    2465
    2503
    2546
    2444
    2552
    2508
    2483
    2515
    2579
    2523
    2560
    2412
    2476
    2531
    2478
    2571
    2423
    2374
    2474
    2548
    2570
    2435
    2436
    2479
    2439
    2367
    2400
    2504
    2471
    2379
    2500
    2474
    2489
    2501
    2585
    2493
    2541
    2529
    2405
    2510
    2459
    2462
    2557
    2582
    2638
    2718
    2725
    2663
    2649
    2583
    2406
    2463
    2500
    2317
    2435
    2425
    2566
    2817
    2989
    3110
    3115
    2982
    2698
    2584
    2477
    2509
    2507
    2550
    2633
    2763
    2820
    2824
    2864
    2803
    2771
    2467
    2440
    2353
    2331
    2397
    2347
    2466
    2310
    2365
    2476
    2448
    2441
    2394
    2435
    2440
    2334
    2422
    2336
    2329
    2378
    2444
    2378
    2359
    2302
    2387
    2395
    2389
    2328
    2359
    2240
    2417
    2334
    2375
    2275
    2379
    2274
    2355
    2235
    2308
    2312
    2322
    2363
    2343
    2303
    2343
    2434
    2314
    2442
    2480
    2855
    3314
    3867
    4311
    4096
    3630
    3131
    2595
    2405
    2275
    2289
    2282
    2220
    2203
    2338
    2233
    2248
    2333
    2362
    2249
    2217
    2267
    2277
    2373
    2305
    2355
    2240
    2294
    2256
    2289
    2249
    2268
    2266
    2270
    2188
    2108
    2351
    2216
    2197
    2292
    2326
    2308
    2238
    2277
    2268
    2209
    2271
    2239
    2237
    2368
    2280
    2249
    2284
    2265
    2231
    2263
    2218
    2219
    2212
    2242
    2208
    2255
    2282
    2220
    2233
    2206
    2287
    2286
    2188
    2181
    2207
    2237
    2264
    2184
    2191
    2191
    2206
    2185
    2217
    2185
    2104
    2276
    2247
    2224
    2231
    2307
    2152
    2182
    2301
    2121
    2239
    2308
    2265
    2317
    2319
    2156
    2252
    2233
    2153
    2165
    2174
    2133
    2186
    2121
    2192
    2168
    2235
    2235
    2196
    2188
    2170
    2135
    2089
    2247
    2124
    2117
    2184
    2277
    2244
    2324
    2417
    2430
    2461
    2474
    2513
    2270
    2222
    2185
    2079
    2209
    2181
    2130
    2204
    2092
    2142
    2270
    2545
    3396
    5090
    7788
   11200
   13378
   13367
   10868
    7372
    4687
    3006
    2423
    2098
    2041
    2105
    2079
    2039
    2079
    2039
    1994
    2009
    2090
    2089
    2095
    2012
    2115
    1982
    2104
    2026
    2111
    2077
    2146
    2080
    2045
    2031
    2041
    2039
    2111
    1966
    2016
    1990
    1979
    2048
    2033
    2043
    1992
    2060
    2049
    1930
    2007
    2061
    2029
    1954
    2054
    2031
    2003
    2017
    2064
    1971
    1946
    2005
    2046
    2111
    2155
    2300
    2454
    2833
    3251
    3233
    3156
    2725
    2447
    2206
    2054
    2074
    1986
    2042
    1984
    1991
    2047
    1926
    1998
    2013
    1999
    1971
    1962
    2072
    1988
    1900
    2043
    1995
    1949
    1985
    2026
    1949
    2034
    2140
    2027
    2048
    1930
    2017
    1938
    2007
    2053
    2005
    2071
    2153
    2327
    2332
    2481
    2399
    2563
    2422
    2374
    2392
    2148
    2165
    2120
    2044
    2024
    2005
    1958
    2017
    1951
    1986
    2020
    1998
    1976
    2088
    1939
    1974
    1962
    1996
    2107
    2132
    2126
    2116
    2004
    1988
    1958
    1954
    2029
    1984
    2010
    2035
    2095
    2044
    2230
    2461
    3081
    3658
    4100
    4223
    3753
    3010
    2536
    2167
    2192
    2393
    3024
    4272
    6117
    7998
    8794
    8250
    6340
    4467
    3024
    2283
    1954
    1924
    1944
    1856
    1931
    1898
    1886
    1908
    1838
    1847
    1860
    1875
    1971
    1917
    1929
    1919
    1903
    1872
    1861
    1942
    1881
    1942
    1899
    1888
    1896
    1992
    1883
    1833
    2012
    1875
    1865
    1873
    1922
    1816
    1922
    1936
    1814
    1800
    1904
    1873
    1814
    1806
    1909
    1919
    1906
    1818
    1964
    1867
    1878
    1899
    1851
    1875
    1887
    1876
    1865
    1801
    1838
    1937
    1867
    1858
    1828
    1803
    1828
    1846
    1887
    1895
    1830
    1946
    1777
    1785
    1849
    1808
    1920
    1888
    1850
    1868
    1900
    1775
    1955
    1975
    2087
    2245
    2247
    2141
    1975
    2022
    1941
    1852
    1802
    1905
    1875
    1822
    1800
    1830
    1849
    1811
    1814
    1843
    1795
    1876
    1834
    1815
    1744
    1861
    1846
    1893
    1864
    1753
    1777
    1819
    1796
    1864
    1821
    1847
    1864
    1805
    1858
    1785
    1790
    1867
    1870
    1919
    1802
    1776
    1779
    1876
    1876
    1792
    1855
    1792
    1860
    1891
    1857
    1844
    1785
    1787
    1821
    1808
    1802
    1878
    1795
    1755
    1811
    1813
    1737
    1816
    1879
    1777
    1797
    1958
    1846
    1775
    1843
    1834
    1811
    1776
    1827
    1850
    1787
    1800
    1817
    1820
    1814
    1787
    1895
    1850
    1864
    1881
    1893
    1911
    1828
    1886
    1799
    1825
    1788
    1767
    1813
    1758
    1804
    1749
    1726
    1882
    1768
    1823
    1791
    1803
    1817
    1715
    1845
    1829
    1772
    1799
    1799
    1812
    1798
    1753
    1783
    1812
    1832
    1811
    1813
    1788
    1827
    1770
    1835
    1783
    1839
    1781
    1810
    1775
    1707
    1857
    1790
    1801
    1707
    1794
    1832
    1839
    1906
    1912
    1908
    1921
    1861
    1827
    1877
    1809
    1864
    1864
    1773
    1707
    1811
    1782
    1749
    1855
    1751
    1823
    1782
    1861
    1765
    1781
    1807
    1805
    1796
    1770
    1861
    1800
    1786
    1826
    1794
    1765
    1778
    1776
    1813
    1797
    1804
    1877
    1825
    1883
    1899
    1825
    1864
    1814
    1859
    1766
    1831
    1858
    1740
    1941
    1862
    1840
    1946
    1813
    1866
    1909
    1827
    1762
    1824
    1767
    1805
    1845
    1815
    1888
    1808
    1784
    1774
    1856
    1861
    1795
    1862
    1807
    1934
    1808
    1986
    1979
    1951
    1997
    1946
    1889
    1840
    1777
    1738
    1844
    1841
    1766
    1770
    1795
    1810
    1791
    1760
    1774
    1757
    1795
    1807
    1811
    1782
    1790
    1825
    1783
    1759
    1755
    1773
    1732
    1810
    1881
    1809
    1808
    1767
    1823
    1885
    1850
    1727
    1820
    1832
    1865
    1939
    1849
    1862
    1880
    1867
    1849
    1924
    1884
    1820
    1774
    1842
    1832
    1850
    1718
    1851
    1697
    1814
    1749
    1741
    1774
    1796
    1810
    1791
    1879
    1858
    1805
    1842
    1790
    1765
    1891
    1901
    1815
    1872
    1761
    1715
    1797
    1789
    1756
    1767
    1819
    1813
    1871
    1760
    1818
    1862
    1874
    1843
    1947
    1886
    1944
    1829
    1856
    1786
    1850
    1843
    1771
    1813
    1882
    1793
    1796
    1756
    1860
    1737
    1825
    1822
    1842
    1841
    1951
    2362
    2939
    4039
    5518
    6807
    7465
    6969
    5457
    4051
    2854
    2272
    1878
    1813
    1812
    1742
    1848
    1713
    1825
    1783
    1749
    1776
    1825
    1767
    1826
    1809
    1815
    1715
    1650
    1781
    1798
    1791
    1826
    1744
    1753
    1816
    1833
    1788
    1806
    1870
    1863
    1866
    1826
    1864
    1930
    1831
    1905
    1851
    1807
    1733
    1727
    1688
    1815
    1854
    1803
    1850
    1803
    1831
    1840
    1819
    1861
    1780
    1847
    1811
    1769
    1810
    1835
    1770
    1765
    1821
    1766
    1785
    1777
    1797
    1731
    1816
    1836
    1825
    1728
    1799
    1710
    1814
    1830
    1826
    1781
    1795
    1791
    1865
    1773
    1884
    1796
    1721
    1797
    1760
    1834
    1817
    1874
    1990
    2112
    2247
    2339
    2321
    2434
    2287
    2123
    1882
    1871
    1841
    1792
    1806
    1788
    1830
    1793
    1841
    1816
    1835
    1732
    1866
    1789
    1809
    1797
    1808
    1812
    1830
    1765
    1868
    1739
    1882
    1843
    1833
    1840
    1781
    1741
    1779
    1832
    1805
    1871
    1858
    1842
    1827
    1862
    1828
    1789
    1822
    1862
    1852
    1898
    1856
    1890
    1812
    1831
    1868
    1849
    1858
    1849
    1825
    1787
    1896
    1881
    1832
    1895
    1799
    1763
    1878
    1798
    1893
    1807
    1904
    1774
    1826
    1860
    1909
    1925
    1931
    1908
    1962
    1890
    1916
    1858
    1821
    1861
    1826
    1878
    1877
    1843
    1868
    1888
    1830
    1870
    1826
    1892
    1832
    1852
    1826
    1901
    1918
    1931
    1841
    1895
    1843
    1868
    1851
    1859
    1903
    1968
    1910
    1965
    1859
    1869
    1862
    1843
    1860
    1879
    1946
    1859
    1888
    1958
    1846
    1901
    1876
    1892
    1833
    1952
    1890
    1820
    1894
    1815
    1848
    1903
    1885
    1949
    1868
    1930
    1853
    1887
    1924
    1915
    1902
    1948
    1966
    2000
    1916
    2104
    2097
    2062
    2010
    2096
    2036
    1911
    1909
    1915
    1915
    1872
    1927
    1923
    1968
    1970
    1878
    1889
    1961
    1931
    1965
    1891
    1956
    1936
    1988
    1947
    1937
    1915
    1978
    1982
    2003
    1943
    1939
    1955
    1886
    1997
    1952
    1908
    1980
    1889
    1960
    1895
    1973
    1977
    1977
    1921
    1926
    1928
    1930
    1974
    1921
    1995
    1953
    1990
    1858
    1941
    1994
    1952
    2007
    1928
    1946
    1937
    1931
    1962
    1944
    2005
    1975
    1869
    1970
    2080
    2009
    1896
    1918
    1974
    1964
    1910
    2028
    2020
    2013
    1988
    2021
    2098
    2266
    2552
    3073
    3633
    3878
    3963
    3565
    3211
    2553
    2206
    2040
    1867
    1853
    1929
    1916
    1757
    1792
    1820
    1742
    1671
    1744
    1710
    1698
    1660
    1740
    1750
    1703
    1756
    1701
    1811
    1791
    1680
    1674
    1587
    1651
    1555
    1558
    1569
    1466
    1535
    1575
    1545
    1527
    1585
    1609
    1582
    1607
    1536
    1583
    1499
    1510
    1447
    1484
    1446
    1482
    1438
    1511
    1467
    1479
    1401
    1405
    1454
    1417
    1452
    1382
    1473
    1443
    1337
    1408
    1443
    1418
    1380
    1380
    1388
    1364
    1438
    1387
    1365
    1430
    1373
    1370
    1395
    1370
    1356
    1329
    1393
    1321
    1357
    1404
    1344
    1308
    1328
    1301
    1393
    1339
    1322
    1396
    1313
    1357
    1367
    1385
    1381
    1342
    1347
    1381
    1370
    1289
    1341
    1331
    1351
    1306
    1334
    1359
    1345
    1275
    1320
    1393
    1308
    1533
    1602
    1747
    1806
    1803
    1750
    1607
    1376
    1380
    1352
    1343
    1233
    1229
    1271
    1353
    1263
    1276
    1254
    1283
    1217
    1258
    1342
    1291
    1235
    1262
    1308
    1164
    1262
    1253
    1257
    1201
    1251
    1177
    1243
    1184
    1262
    1257
    1226
    1202
    1227
    1192
    1151
    1236
    1239
    1185
    1234
    1257
    1269
    1162
    1225
    1253
    1217
    1195
    1203
    1201
    1151
    1163
    1229
    1142
    1217
    1186
    1207
    1255
    1228
    1193
    1152
    1214
    1214
    1219
    1201
    1168
    1192
    1169
    1184
    1137
    1152
    1105
    1189
    1180
    1133
    1139
    1168
    1152
    1124
    1140
    1172
    1113
    1191
    1141
    1151
    1185
    1155
    1120
    1167
    1123
    1214
    1128
    1123
    1108
    1213
    1114
    1136
    1108
    1140
    1211
    1087
    1133
    1227
    1180
    1184
    1163
    1138
    1194
    1196
    1262
    1282
    1384
    1364
    1285
    1276
    1178
    1138
    1045
     986
     958
     952
     912
     957
     939
     890
     987
     913
     908
     937
     900
     931
     914
     865
     885
     924
     944
     891
     912
     942
     942
     938
     897
     907
     906
     899
     868
     829
     843
     881
     808
     875
     883
     835
     900
     838
     874
     817
     867
     868
     848
     829
     919
     848
     841
     888
     804
     847
     765
     806
     810
     825
     857
     834
     800
     808
     818
     841
     762
     852
     813
     815
     788
     790
     782
     757
     766
     719
     830
     791
     771
     741
     797
     798
     761
     753
     723
     735
     797
     784
     736
     746
     763
     735
     700
     780
     754
     736
     726
     701
     782
     744
     739
     709
     734
     778
     765
     756
     730
     744
     731
     692
     700
     753
     735
     750
     743
     736
     741
     736
     673
     686
     700
     716
     680
     716
     751
     682
     728
     703
     724
     723
     677
     689
     677
     651
     712
     680
     679
     689
     637
     656
     691
     678
     693
     706
     721
     672
     830
     980
    1182
    1503
    1796
    1985
    1956
    1790
    1447
    1100
     889
     761
     681
     666
     602
     657
     650
     676
     624
     626
     649
     682
     711
     767
     842
     905
     921
     914
     845
     796
     685
     723
     667
     628
     700
     658
     636
     656
     606
     639
     619
     625
     666
     694
     635
     606
     647
     639
     635
     630
     609
     619
     648
     631
     627
     646
     620
     621
     618
     631
     649
     658
     635
     639
     682
     678
     683
     804
     906
    1053
    1108
    1087
     975
     819
     761
     670
     656
     596
     640
     600
     673
     695
     673
     708
     839
     988
    1217
    1321
    1455
    1411
    1318
    1013
     829
     700
     651
     672
     678
     588
     606
     613
     616
     644
     563
     607
     627
     643
     627
     583
     626
     625
     604
     643
     574
     630
     609
     621
     605
     650
     646
     562
     625
     598
     632
     601
     630
     635
     600
     618
     585
     616
     605
     634
     631
     607
     632
     619
     621
     604
     610
     626
     614
     560
     603
     588
     627
     621
     623
     611
     646
     590
     615
     628
     614
     626
     611
     632
     665
     662
     673
     729
     801
     927
    1157
    1170
    1340
    1248
    1080
     903
     784
     687
     616
     610
     621
     582
     629
     586
     599
     578
     614
     559
     618
     583
     600
     629
     602
     568
     602
     615
     600
     622
     588
     602
     570
     609
     622
     621
     580
     625
     604
     634
     592
     651
     654
     598
     600
     637
     609
     602
     623
     651
     628
     622
     656
     623
     661
     652
     647
     647
     694
     715
     727
     747
     858
    1019
    1506
    2811
    5364
   11013
   21149
   37172
   57700
   76399
   85845
   81993
   66060
   44665
   25689
   12518
    5303
    2078
     929
     514
     391
     359
     352
     311
     315
     348
     328
     342
     312
     336
     356
     359
     301
     303
     314
     345
     344
     342
     338
     326
     288
     303
     334
     355
     335
     287
     323
     338
     315
     307
     331
     314
     330
     308
     322
     317
     343
     319
     341
     348
     314
     364
     361
     330
     350
     332
     305
     318
     308
     298
     320
     328
     353
     298
     325
     312
     303
     298
     312
     298
     333
     303
     330
     295
     299
     309
     326
     273
     304
     294
     329
     294
     298
     326
     319
     304
     300
     304
     340
     294
     327
     330
     391
     462
     516
     626
     601
     562
     493
     434
     414
     373
     319
     331
     300
     296
     313
     323
     409
     431
     461
     470
     428
     463
     404
     368
     336
     332
     337
     290
     290
     276
     302
     307
     302
     327
     337
     375
     479
     619
     741
     910
    1007
     983
     830
     643
     545
     390
     368
     375
     385
     399
     378
     383
     330
     372
     329
     314
     316
     287
     299
     276
     286
     313
     310
     284
     284
     290
     307
     263
     291
     274
     302
     300
     285
     287
     293
     307
     318
     295
     310
     295
     300
     293
     308
     293
     295
     300
     309
     286
     303
     258
     311
     296
     267
     298
     336
     320
     280
     303
     292
     294
     302
     289
     303
     256
     282
     297
     287
     300
     308
     248
     243
     281
     275
     290
     300
     318
     312
     326
     382
     409
     433
     417
     427
     379
     337
     290
     276
     294
     264
     311
     329
     323
     380
     340
     375
     372
     340
     311
     268
     268
     279
     262
     232
     268
     265
     262
     272
     261
     265
     285
     248
     279
     268
     271
     238
     238
     265
     255
     264
     253
     278
     255
     226
     248
     262
     272
     237
     301
     296
     304
     301
     333
     294
     297
     260
     257
     291
     232
     269
     283
     263
     280
     267
     269
     240
     268
     270
     262
     261
     260
     247
     250
     253
     235
     263
     261
     256
     236
     252
     220
     254
     293
     263
     261
     245
     252
     254
     248
     231
     238
     234
     257
     300
     288
     273
     276
     227
     263
     247
     256
     240
     232
     256
     247
     235
     264
     236
     261
     258
     263
     290
     333
     367
     405
     482
     475
     418
     382
     378
     400
     411
     471
     475
     441
     409
     396
     311
     296
     299
     294
     357
     467
     658
     858
    1073
    1248
    1272
    1221
     939
     636
     487
     377
     339
     403
     498
     651
     807
     957
     947
     815
     702
     583
     490
     438
     369
     334
     323
     290
     286
     260
     247
     259
     285
     344
     296
     344
     358
     334
     309
     277
     300
     267
     250
     208
     261
     251
     219
     246
     237
     245
     256
     225
     250
     238
     245
     215
     239
     296
     234
     228
     273
     217
     241
     251
     229
     219
     241
     225
     259
     216
     248
     225
     224
     220
     245
     242
     239
     211
     236
     256
     241
     245
     254
     213
     239
     228
     239
     290
     278
     308
     332
     420
     561
     684
     717
     726
     684
     579
     421
     316
     275
     241
     265
     250
     303
     305
     309
     324
     276
     244
     256
     251
     218
     218
     248
     241
     284
     337
     416
     522
     673
     782
     752
     702
     598
     430
     326
     268
     222
     229
     251
     191
     249
     205
     213
     222
     229
     261
     246
     276
     322
     358
     382
     384
     338
     324
     252
     226
     227
     216
     198
     225
     224
     207
     180
     217
     224
     190
     190
     211
     212
     198
     242
     215
     228
     212
     197
     187
     174
     200
     220
     201
     208
     203
     207
     212
     187
     211
     228
     188
     190
     197
     196
     234
     217
     190
     210
     181
     203
     230
     205
     206
     212
     216
     229
     206
     206
     209
     200
     199
     240
     309
     334
     417
     476
     485
     508
     453
     403
     310
     278
     239
     203
     228
     230
     215
     213
     241
     235
     261
     245
     278
     256
     223
     219
     211
     203
     201
     214
     195
     189
     205
     189
     202
     216
     186
     178
     207
     187
     229
     172
     183
     201
     189
     205
     181
     168
     187
     255
     204
     198
     220
     202
     235
     201
     208
     200
     195
     223
     202
     219
     192
     207
     248
     231
     251
     278
     245
     259
     276
     227
     254
     216
     229
     211
     234
     214
     209
     167
     195
     208
     180
     180
     197
     199
     184
     240
     212
     235
     220
     246
     273
     271
     252
     252
     268
     233
     214
     205
     200
     209
     203
     223
     185
     211
     192
     185
     181
     212
     188
     198
     203
     191
     195
     203
     210
     213
     208
     219
     226
     180
     195
     203
     168
     191
     166
     200
     155
     208
     175
     186
     204
     187
     196
     191
     192
     188
     221
     202
     195
     188
     180
     186
     180
     187
     212
     182
     183
     197
     183
     175
     197
     197
     180
     181
     197
     182
     196
     185
     184
     173
     208
     180
     181
     176
     186
     166
     187
     161
     191
     185
     183
     188
     189
     184
     200
     179
     199
     202
     212
     195
     222
     198
     202
     212
     240
     292
     344
     510
     657
     881
    1027
     991
     943
     742
     543
     403
     295
     246
     187
     204
     194
     159
     162
     165
     218
     186
     158
     173
     198
     169
     204
     192
     200
     211
     188
     168
     189
     163
     200
     163
     183
     169
     195
     206
     207
     204
     190
     185
     186
     198
     177
     195
     198
     185
     190
     183
     189
     167
     164
     197
     228
     188
     161
     201
     177
     170
     178
     150
     204
     177
     192
     168
     201
     191
     210
     183
     167
     181
     198
     198
     195
     169
     177
     181
     203
     175
     194
     202
     210
     199
     220
     180
     178
     197
     186
     180
     200
     214
     313
     438
     635
    1080
    1809
    2723
    3607
    4304
    4687
    4268
    3477
    2420
    1508
     884
     457
     327
     229
     166
     175
     165
     156
     166
     181
     165
     180
     173
     168
     172
     155
     182
     164
     185
     175
     157
     166
     186
     156
     174
     168
     158
     182
     184
     168
     200
     195
     201
     209
     221
     225
     220
     212
     197
     186
     185
     154
     156
     180
     180
     180
     176
     176
     189
     171
     170
     208
     172
     157
     170
     162
     156
     152
     185
     176
     180
     168
     157
     193
     172
     168
     179
     172
     164
     161
     170
     167
     165
     153
     168
     140
     187
     183
     155
     177
     176
     179
     166
     178
     160
     159
     157
     175
     156
     138
     152
     179
     176
     171
     169
     168
     166
     158
     168
     186
     175
     168
     171
     171
     193
     189
     186
     187
     216
     181
     169
     199
     166
     189
     175
     178
     181
     199
     179
     167
     176
     181
     157
     188
     181
     179
     154
     172
     177
     185
     183
     186
     170
     163
     178
     135
     169
     163
     152
     160
     173
     165
     170
     170
     164
     188
     171
     186
     165
     194
     185
     158
     174
     205
     182
     181
     166
     146
     194
     170
     170
     164
     186
     159
     164
     154
     166
     184
     169
     137
     156
     164
     151
     151
     159
     180
     186
     159
     165
     144
     189
     153
     170
     156
     163
     164
     158
     184
     188
     183
     182
     188
     200
     241
     233
     243
     265
     243
     244
     254
     209
     191
     168
     182
     176
     188
     199
     181
     178
     202
     146
     178
     179
     189
     198
     218
     272
     371
     421
     568
     678
     709
     767
     593
     524
     379
     266
     223
     208
     182
     180
     174
     161
     167
     181
     178
     176
     167
     157
     178
     174
     168
     169
     151
     175
     150
     172
     171
     181
     161
     173
     184
     156
     164
     185
     167
     177
     158
     180
     193
     166
     176
     158
     171
     165
     176
     169
     184
     160
     172
     170
     159
     149
     199
     193
     170
     165
     207
     173
     179
     192
     162
     169
     208
     184
     180
     195
     194
     235
     214
     226
     254
     193
     245
     202
     202
     184
     187
     185
     163
     173
     167
     156
     182
     165
     155
     151
     181
     158
     169
     165
     169
     174
     145
     175
     170
     182
     175
     188
     201
     163
     195
     167
     171
     178
     175
     202
     203
     189
     194
     175
     186
     213
     166
     180
     188
     193
     185
     188
     197
     203
     176
     171
     182
     200
     189
     157
     165
     168
     177
     196
     182
     209
     198
     222
     202
     200
     208
     196
     195
     173
     188
     160
     192
     183
     194
     167
     139
     188
     200
     192
     185
     163
     189
     157
     171
     173
     164
     185
     159
     177
     191
     159
     194
     146
     173
     166
     171
     168
     149
     184
     178
     162
     175
     161
     167
     178
     163
     161
     198
     175
     176
     181
     193
     175
     157
     170
     159
     172
     158
     172
     157
     147
     155
     170
     162
     180
     179
     165
     174
     150
     169
     161
     188
     146
     171
     167
     179
     148
     170
     184
     185
     180
     180
     156
     162
     181
     183
     180
     163
     203
     161
     176
     169
     166
     179
     169
     166
     195
     197
     188
     164
     177
     173
     184
     172
     182
     179
     191
     193
     176
     187
     194
     198
     189
     200
     191
     212
     196
     175
     179
     169
     178
     189
     187
     187
     172
     176
     169
     174
     173
     169
     180
     181
     174
     167
     168
     177
     164
     168
     167
     156
     175
     160
     170
     168
     165
     164
     167
     174
     198
     163
     190
     190
     184
     192
     175
     186
     189
     181
     178
     170
     195
     157
     198
     158
     157
     154
     156
     148
     162
     150
     174
     188
     152
     170
     154
     171
     173
     168
     174
     183
     153
     186
     166
     162
     173
     156
     153
     169
     171
     151
     165
     153
     175
     162
     151
     162
     179
     170
     150
     165
     166
     158
     157
     173
     154
     153
     179
     169
     169
     149
     172
     165
     169
     175
     163
     173
     152
     191
     182
     163
     160
     147
     156
     143
     184
     142
     162
     155
     165
     136
     167
     161
     154
     141
     133
     150
     142
     155
     151
     157
     144
     150
     145
     151
     173
     173
     153
     167
     171
     147
     157
     150
     175
     165
     145
     134
     157
     170
     139
     141
     151
     163
     151
     151
     153
     155
     154
     146
     136
     172
     152
     143
     146
     166
     128
     128
     160
     143
     166
     162
     139
     159
     156
     151
     126
     150
     153
     173
     172
     140
     164
     155
     144
     156
     151
     155
     154
     152
     137
     147
     152
     167
     177
     161
     150
     156
     161
     169
     171
     155
     163
     137
     163
     164
     162
     162
     150
     178
     163
     150
     156
     150
     157
     135
     133
     148
     151
     129
     136
     137
     154
     164
     144
     146
     149
     131
     138
     141
     155
     159
     166
     167
     171
     138
     152
     162
     150
     152
     155
     164
     155
     164
     134
     142
     136
     159
     164
     143
     151
     168
     174
     158
     137
     156
     153
     169
     143
     141
     144
     158
     180
     158
     169
     138
     158
     142
     134
     120
     152
     146
     162
     140
     134
     146
     149
     153
     133
     137
     141
     148
     149
     148
     169
     161
     164
     149
     158
     163
     153
     150
     148
     149
     133
     149
     139
     153
     179
     153
     173
     132
     171
     171
     130
     138
     172
     154
     133
     141
     145
     146
     147
     156
     141
     148
     149
     159
     166
     159
     167
     163
     147
     151
     172
     145
     159
     143
     159
     152
     171
     139
     152
     150
     131
     137
     155
     149
     154
     152
     174
     149
     121
     137
     138
     153
     137
     183
     151
     145
     143
     127
     127
     165
     149
     140
     174
     157
     156
     160
     135
     167
     139
     137
     146
     141
     159
     141
     145
     131
     141
     151
     149
     152
     145
     141
     148
     164
     139
     139
     159
     146
     133
     156
     139
     143
     171
     149
     154
     157
     131
     146
     142
     145
     142
     167
     172
     148
     128
     141
     165
     134
     141
     156
     149
     159
     129
     153
     139
     192
     151
     144
     144
     167
     145
     134
     154
     127
     133
     164
     144
     137
     189
     170
     167
     158
     169
     165
     143
     142
     151
     159
     148
     143
     142
     141
     115
     150
     129
     133
     148
     138
     163
     161
     153
     151
     171
     152
     166
     182
     206
     261
     292
     351
     486
     566
     735
     823
     964
    1001
    1010
     970
     862
     763
     620
     518
     380
     355
     233
     189
     202
     153
     173
     179
     187
     186
     189
     193
     189
     173
     170
     172
     147
     140
     182
     166
     146
     165
     161
     155
     162
     156
     141
     190
     183
     201
     204
     279
     299
     417
     416
     457
     460
     367
     292
     269
     208
     152
     181
     159
     154
     164
     171
     123
     130
     145
     138
     158
     168
     144
     125
     164
     160
     164
     150
     142
     161
     143
     155
     164
     144
     147
     152
     147
     149
     153
     144
     121
     151
     159
     146
     150
     168
     136
     161
     166
     149
     168
     153
     164
     175
     174
     143
     153
     142
     145
     127
     147
     148
     138
     148
     175
     142
     138
     129
     154
     168
     145
     135
     141
     162
     122
     149
     157
     172
     147
     157
     124
     162
     151
     149
     162
     150
     163
     142
     160
     134
     128
     134
     158
     141
     156
     164
     178
     152
     140
     150
     150
     142
     148
     140
     130
     158
     160
     117
     136
     165
     148
     135
     128
     145
     135
     140
     148
     145
     157
     150
     155
     152
     151
     140
     138
     150
     141
     154
     162
     158
     139
     157
     167
     160
     136
     165
     160
     140
     152
     171
     167
     155
     133
     141
     145
     185
     174
     160
     176
     159
     181
     147
     145
     146
     155
     155
     143
     145
     157
     133
     151
     161
     156
     155
     170
     144
     149
     168
     143
     153
     164
     152
     169
     152
     148
     155
     158
     174
     165
     128
     177
     143
     138
     157
     130
     145
     162
     158
     149
     159
     167
     170
     141
     164
     158
     150
     174
     179
     139
     149
     136
     157
     150
     187
     157
     150
     160
     159
     168
     166
     152
     133
     173
     173
     160
     147
     169
     152
     159
     139
     166
     189
     167
     159
     152
     151
     147
     162
     162
     197
     217
     309
     408
     581
     767
    1039
    1264
    1395
    1394
    1199
     920
     695
     484
     329
     233
     184
     154
     161
     169
     139
     152
     184
     166
     157
     179
     156
     158
     150
     169
     154
     146
     157
     156
     140
     161
     180
     121
     156
     164
     153
     139
     177
     161
     133
     153
     159
     182
     170
     174
     147
     156
     171
     176
     177
     175
     182
     204
     243
     218
     238
     242
     260
     229
     216
     186
     160
     151
     173
     158
     127
     170
     150
     154
     150
     130
     176
     138
     145
     173
     152
     155
     140
     149
     146
     140
     153
     152
     166
     142
     126
     169
     139
     149
     155
     157
     153
     160
     162
     147
     148
     157
     144
     154
     135
     170
     153
     153
     158
     152
     130
     135
     160
     164
     155
     165
     163
     143
     141
     174
     161
     154
     150
     150
     140
     169
     173
     162
     171
     139
     165
     158
     145
     157
     171
     188
     140
     143
     173
     140
     180
     193
     152
     164
     137
     165
     168
     162
     141
     159
     167
     158
     147
     160
     165
     176
     175
     148
     156
     161
     147
     139
     147
     187
     155
     157
     141
     152
     162
     168
     139
     164
     168
     179
     159
     154
     168
     154
     175
     180
     168
     175
     155
     180
     169
     159
     149
     167
     157
     184
     150
     173
     155
     159
     158
     153
     181
     145
     155
     152
     148
     159
     161
     164
     176
     193
     174
     176
     163
     168
     155
     158
     168
     181
     146
     165
     161
     166
     160
     174
     157
     158
     171
     172
     162
     170
     177
     190
     163
     175
     185
     162
     144
     139
     169
     158
     162
     160
     158
     166
     174
     148
     177
     202
     167
     173
     181
     203
     203
     201
     244
     242
     273
     264
     222
     201
     202
     158
     190
     187
     161
     173
     173
     165
     167
     171
     168
     163
     172
     182
     184
     139
     152
     160
     163
     175
     178
     156
     157
     163
     172
     153
     174
     185
     165
     162
     156
     180
     173
     173
     156
     173
     145
     192
     157
     171
     172
     154
     179
     168
     208
     158
     138
     176
     192
     182
     167
     161
     160
     189
     185
     167
     176
     183
     164
     164
     171
     159
     201
     174
     156
     201
     196
     183
     158
     191
     170
     150
     172
     183
     169
     165
     211
     182
     183
     185
     185
     161
     182
     180
     176
     196
     167
     185
     176
     172
     183
     202
     157
     198
     185
     176
     179
     195
     185
     196
     216
     188
     166
     159
     169
     155
     189
     168
     183
     176
     184
     174
     196
     190
     191
     169
     157
     157
     181
     165
     177
     165
     186
     197
     211
     186
     166
     183
     204
     176
     168
     184
     200
     192
     196
     182
     193
     186
     178
     177
     168
     192
     182
     180
     177
     197
     180
     188
     172
     188
     211
     183
     179
     202
     190
     175
     199
     226
     211
     199
     183
     208
     186
     202
     181
     183
     179
     189
     207
     161
     191
     157
     239
     216
     182
     189
     173
     186
     191
     194
     189
     206
     172
     217
     194
     217
     227
     176
     175
     178
     203
     197
     184
     205
     218
     176
     223
     198
     195
     184
     207
     171
     192
     194
     188
     188
     159
     187
     181
     181
     198
     180
     187
     183
     194
     189
     177
     191
     203
     210
     188
     199
     191
     183
     192
     193
     187
     195
     176
     184
     178
     172
     199
     183
     170
     177
     159
     177
     164
     168
     164
     150
     161
     145
     154
     143
     173
     137
     157
     150
     147
     150
     159
     149
     150
     169
     151
     127
     149
     130
     139
     135
     147
     151
     136
     153
     134
     166
     144
     146
     134
     142
     138
     132
     124
     129
     140
     139
     136
     119
     145
     152
     134
     143
     154
     127
     141
     135
     138
     153
     134
     127
     124
     144
     135
     155
     112
     145
     135
     150
     112
     111
     143
     135
     127
     141
     126
     111
     126
     125
     141
     134
     127
     139
     120
     145
     149
     115
     130
     109
     124
     125
     133
     138
     141
     114
     134
     122
     139
     133
     120
     127
     137
     128
     113
     103
     122
     112
     127
     110
     134
     109
     138
     129
     123
     113
     110
     112
     125
     113
     105
     134
     128
     125
     128
     121
     138
     127
     134
     130
     127
     115
     111
     114
     137
     136
     112
     123
     123
     132
     136
     121
     128
     112
      98
     104
     108
     119
     116
     113
     103
     100
     113
     120
     102
     107
     118
     129
     112
     112
     130
     128
     111
     100
     132
     108
     105
     123
     127
     125
     126
     118
     110
     123
     108
     106
     121
     103
     128
     114
     154
     191
     244
     264
     359
     400
     475
     447
     411
     367
     337
     249
     184
     150
     109
     102
     100
     110
     103
     110
     117
      95
     111
      99
      97
      99
     109
     109
      99
     110
      90
     112
     103
     105
      82
     112
      97
      99
     112
     100
      81
      94
      73
      90
      88
      96
     101
      87
      75
     113
     113
      87
      90
      95
      98
      91
     103
      92
      80
      93
      96
      93
     118
     103
      99
      94
      94
      73
      99
      79
      77
      85
      85
      85
      87
      85
      72
      82
      90
      84
      93
      78
      72
      71
      71
      83
      75
      92
      74
      79
      77
      86
      83
      87
      63
      76
      62
      75
      63
      68
      81
      73
      64
      77
      69
      82
      69
      79
      89
      73
      62
      95
      75
      66
      85
      71
      72
      62
      71
      78
      74
      68
      72
      54
      77
      56
      59
      64
      80
      62
      60
      50
      55
      70
      46
      75
      60
      65
      60
      64
      74
      66
      62
      52
      65
      65
      66
      70
      53
      58
      63
      63
      51
      46
      57
      49
      69
      61
      58
      68
      60
      70
      58
      62
      62
      56
      51
      54
      51
      55
      67
      59
      74
      51
      53
      47
      44
      38
      46
      52
      46
      44
      42
      50
      73
      55
      57
      43
      53
      47
      53
      46
      52
      58
      59
      52
      61
      49
      42
      41
      51
      51
      53
      51
      49
      47
      44
      42
      53
      54
      51
      49
      42
      53
      57
      36
      48
      49
      46
      51
      56
      48
      40
      48
      47
      46
      45
      47
      45
      52
      39
      47
      50
      45
      42
      43
      52
      50
      45
      47
      50
      40
      37
      42
      45
      51
      43
      43
      45
      46
      49
      48
      33
      48
      39
      35
      43
      41
      29
      56
      56
      32
      37
      38
      47
      43
      44
      45
      36
      56
      45
      38
      35
      49
      42
      46
      40
      43
      49
      27
      44
      46
      32
      42
      42
      54
      37
      44
      42
      45
      33
      51
      42
      36
      53
      43
      37
      48
      38
      44
      42
      39
      33
      43
      35
      41
      25
      36
      54
      28
      39
      39
      47
      35
      34
      41
      44
      40
      36
      43
      48
      36
      47
      43
      44
      40
      54
      43
      36
      39
      33
      44
      33
      29
      37
      36
      39
      36
      53
      51
      40
      34
      45
      38
      43
      47
      41
      47
      30
      35
      37
      24
      43
      36
      34
      45
      37
      42
      28
      36
      38
      31
      36
      41
      29
      30
      35
      40
      46
      33
      33
      45
      33
      40
      42
      33
      34
      37
      43
      35
      41
      30
      42
      34
      37
      41
      35
      41
      44
      38
      36
      43
      34
      32
      56
      38
      36
      41
      40
      44
      23
      47
      38
      39
      31
      47
      31
      38
      37
      46
      45
      38
      36
      45
      31
      35
      37
      54
      39
      50
      49
      43
      35
      40
      40
      35
      29
      48
      42
      38
      56
      53
      51
      50
      40
      57
      50
      53
      52
      55
      38
      47
      36
      41
      42
      58
      47
      52
      57
      78
     108
     107
     207
     341
     565
     978
    1544
    2551
    4013
    5390
    6807
    8047
    8507
    8136
    7160
    5792
    4149
    2633
    1598
     806
     397
     187
      92
      41
      31
      20
      23
      18
      12
      16
      14
      19
      12
      15
      12
      17
      15
      16
      18
      12
      20
      14
      10
      20
      18
      15
      11
      16
      21
      21
      20
      19
      12
      20
      15
      15
      19
      13
      15
      19
      13
      15
      17
      20
      13
      16
      21
      18
      15
      18
      14
      20
      17
      16
      15
      20
      24
      15
      18
      15
      18
      13
      19
      10
      10
      11
      17
      16
      11
      18
      13
      16
      16
      19
      23
       8
      12
      21
      20
      20
      12
      20
      12
      14
      19
      19
       9
      12
      15
      10
      10
      15
      23
      14
      19
      17
      11
      12
      13
      24
      17
      10
      18
      18
      18
      10
      17
      18
      18
      16
      10
      14
       8
      18
      13
      14
      16
      14
      18
      13
      24
      12
       9
      14
       9
      17
      21
      16
      19
      18
       7
      14
      15
      13
       8
      19
      16
      21
      14
      16
      17
      14
      16
      10
      11
      13
      21
      17
      16
      18
      20
      14
      15
      12
      19
      11
      12
      14
      16
      17
      13
      11
      19
      14
      18
      20
      17
      13
      12
      16
      11
      11
       9
      21
      16
      11
      13
      15
      18
      16
      14
      19
      21
      19
      20
      14
      16
      15
      15
      16
      12
      18
      17
      10
      17
      16
      19
      17
      17
      17
      17
      17
      19
      18
      11
      24
      10
      18
      18
      30
      29
      27
      23
      18
      17
      20
      17
      16
      17
      18
      13
      12
      13
      10
      16
      13
      11
      10
      23
      13
      18
      16
      11
      18
      16
      20
      17
      12
      16
      18
       9
      13
      12
      11
       9
      15
      11
      20
      10
      15
      11
      13
      13
      16
      12
      15
      16
      16
      17
      15
      11
       9
      14
      12
      15
      13
       8
      14
       6
      10
      12
      12
      14
      14
      17
      16
      15
      10
      18
      18
      17
      11
      11
      13
      20
      15
      10
      19
      14
      20
      21
      15
      16
      15
      17
      14
      12
      12
      14
      17
      16
      19
       8
      20
      15
      12
      11
      13
      16
      11
      14
      15
       9
      16
      15
      12
      12
      15
      11
      19
      17
      11
      14
      10
      11
      13
       6
      13
      19
      11
      12
      18
      10
      15
      21
      12
      14
      16
       9
      15
      12
      12
      13
      18
      17
      16
      21
       7
       7
      15
      13
      10
      10
      16
      17
      17
      12
      12
      11
      13
      11
      15
      15
      23
      16
      18
      16
       8
       8
      16
      13
      27
      19
      27
      24
      16
      12
      16
      12
      16
      15
      16
      15
       7
      17
       4
      10
      17
      16
      15
      12
      17
      12
      13
      15
      13
       9
      18
      12
       9
      14
      15
      16
      15
      13
      15
      17
      18
      19
      10
      14
      13
      24
      22
      18
      18
      20
       9
      19
      19
      18
      13
      10
      17
       9
      14
      16
      16
      17
      14
      11
       7
      16
       6
      15
      16
      16
       8
      15
      14
      12
       5
      11
      13
      16
      13
      17
      15
       6
       9
      16
      11
      18
      15
      19
      14
      13
      15
       9
      12
      15
      12
      10
      12
      16
      12
      18
      12
      13
       6
      12
      13
      15
      11
      16
      11
      21
      10
       8
       8
       9
      16
      11
      15
      12
      20
      13
      11
      13
      14
       9
      13
      15
      10
      15
      14
      15
      16
      12
      14
      18
      16
      17
      11
      15
       9
       8
      16
       8
       8
      15
       7
      17
       9
      15
      15
      10
      11
      15
       8
      11
      12
      10
      17
      10
      15
       8
      11
      16
      13
      15
      12
      16
      10
      10
       9
      11
      19
      12
      22
       9
      17
      17
      18
      20
      15
      11
      12
       6
      11
      11
      13
      17
      13
      10
      11
      11
       6
      17
      16
      13
       9
      15
      10
       9
      12
       4
      15
      14
      18
      19
      15
      16
       7
      12
      14
      13
      16
      17
      14
      13
      14
       8
      11
       8
      13
      11
      16
      14
      13
      13
      13
      11
       7
       8
      14
      14
      15
      10
      13
       8
       7
      24
       7
      25
      14
       9
       7
      10
      17
      17
      11
      15
      12
      12
      15
      13
      16
      13
      17
      10
      13
      17
      13
      12
      14
      11
       4
      13
      15
      15
      15
      13
      12
       8
      14
      19
      11
       9
      15
      10
      13
      15
      14
      11
      20
      11
      12
      15
       9
      13
      16
      15
      11
       9
       7
      19
      11
       8
      14
       5
      12
      13
      16
      13
      16
      15
      12
      10
      17
      12
      11
      16
      15
      15
      14
      15
       8
      16
      15
      13
      11
      18
      13
       6
      11
      10
      12
      23
      20
      17
      11
       9
      14
      12
      14
      20
      11
      18
      15
      14
      15
      10
      10
      15
      16
      21
      14
      14
      11
      15
      17
      21
      13
      21
       9
      14
      20
      10
      19
      16
      14
      17
      11
      11
      15
      17
      13
      18
      16
      15
      13
      11
      11
      20
       8
      13
      20
      17
      15
      20
      16
      18
      11
      14
      18
      18
      19
      16
      13
      20
      31
      24
      34
      36
      36
      57
      56
      95
     137
     203
     489
    1180
    3186
    8902
   26694
   85536
  237634
  449965
  511648
  346969
  142665
   41692
   10226
    2396
     619
     265
     211
     179
     149
     154
     137
     123
     125
     107
     125
     130
     121
     114
     120
      83
      93
      84
      96
     101
     108
      90
      69
      77
      90
      78
      89
      91
      83
      75
      78
      88
      64
      63
      81
      69
      69
      65
      63
      63
      78
      71
      72
      68
      64
      58
      62
      66
      55
      68
      58
      75
      70
      56
      65
      68
      63
      62
      58
      63
      67
      88
      77
      56
      52
      59
      54
      64
      52
      58
      48
      59
      73
      50
      57
      49
      46
      59
      61
      47
      61
      46
      38
      58
      52
      68
      48
      38
      50
      53
      55
      42
      52
      39
      40
      45
      62
      44
      57
      51
      34
      42
      52
      44
      47
      48
      46
      41
      49
      58
      31
      45
      43
      54
      55
      44
      46
      42
      55
      39
      51
      40
      40
      38
      44
      39
      58
      54
      33
      51
      38
      50
      55
      40
      62
      32
      47
      49
      60
      33
      59
      40
      34
      49
      52
       0
       0
       0
       0
       0
       0
       0
       0
       0
       0
       0
       0
       0
       0
       0
       0
       0
       0
       0
       0
       0
       0
       0
       0
       0
       0
       0
       0
       0
       0
       0
       0
       0
       0
       0
       0
       0
       0
       0
       0
       0
       0
       0
       0
       0
       0
       0
       0
       0
       0
       0
       0
       0
       0
       0
       0
       0
       0
       0
       0
       0
       0
       0
       0
       0
       0
       0
       0
       0
       0
       0
       0
       0
       0
       0
       0
       0
       0
       0
       0
       0
       0
       0
       0
       0
       0
       0
       0
       0
       0
       0
       0
       0
       0
       0
       0
       0
       0
       0
       0
       0
       0
       0
       0
       0
       0
       0
       0
       0
       0
       0
       0
       0
       0
       0
       0
       0
       0
       0
       0
       0
       0
       0
       0
       0
       0
       0
       0
