       0
       0
       0
       0
       0
       0
       0
       0
       0
       0
       0
       0
       0
       0
       0
       0
       0
       0
       0
       0
       0
       0
       0
       0
       0
       0
       0
       0
       0
       0
       0
       0
       0
       0
       0
       0
       0
       0
       0
       0
       0
       0
       0
       0
       0
       0
       0
       0
      10
      28
   15959
   91299
   84006
   80731
   81950
   86024
   89442
   92703
   95593
   96482
   97252
   96755
   97020
   96246
   95624
   94711
   93079
   92388
   91756
   91755
   91157
   90039
   90819
   89453
   89613
   89331
   89294
   88784
   88521
   87514
   87788
   87533
   86734
   87216
   86876
   86083
   85752
   85605
   85195
   85648
   85298
   84787
   84905
   84438
   84474
   84196
   83970
   83752
   83079
   83746
   83682
   83544
   83587
   83469
   82433
   82564
   82122
   81902
   81857
   81717
   81647
   81618
   82050
   80731
   81567
   81174
   81074
   80897
   81137
   80419
   81020
   80498
   80624
   80666
   80533
   80260
   80137
   79906
   80597
   79648
   79683
   80274
   79465
   79345
   79583
   79314
   79248
   78691
   79683
   79357
   78414
   78686
   78964
   78793
   79153
   79035
   79521
   78942
   79162
   78933
   78608
   78669
   78621
   78721
   78664
   78805
   78225
   78514
   78552
   78698
   79585
   78769
   79071
   79461
   79110
   79309
   79861
   79720
   79432
   80226
   80064
   80188
   80218
   80288
   80751
   81091
   80607
   81318
   80974
   81294
   81804
   81855
   81535
   82331
   82978
   82821
   81996
   83122
   82628
   83208
   84005
   84095
   84045
   84378
   84542
   85126
   84992
   85493
   85707
   86575
   87685
   87576
   87093
   87747
   89161
   92033
   92928
   91795
   89528
   88604
   91137
   93489
   94518
   92899
   90122
   88984
   89041
   89230
   89583
   89810
   89573
   90239
   90300
   90170
   90680
   90976
   90863
   91045
   91721
   91684
   92454
   93593
   94505
   94413
   93962
   93639
   93000
   94349
   96228
   96980
   96940
   96544
   95576
   95007
   94425
   95184
   96357
   96600
   96641
   96033
   95702
   95338
   95936
   96180
   97788
   98455
   97861
   97405
   97160
   96738
   96917
   97185
   96981
   96446
   96861
   97249
   97252
   97125
   97759
   97671
   97741
   98659
   98721
   98450
   98342
   98672
   98788
   99070
   98370
   98510
   99228
   98960
   99693
   99644
   99445
   99790
   99768
   99921
  100405
  100423
  101168
  100538
  100343
  100737
  100308
  100687
  100696
  101728
  100905
  101351
  101405
  100800
  100924
  101141
  101757
  101141
  101451
  102149
  102519
  102454
  101318
  102143
  102346
  102083
  102632
  102963
  103034
  102745
  102095
  102116
  102194
  102083
  103137
  103080
  102891
  102362
  102642
  103318
  102972
  102834
  102848
  102470
  103084
  103693
  103519
  103153
  103242
  103547
  102980
  103316
  103240
  104051
  103808
  104239
  103523
  103608
  103445
  104268
  102935
  103733
  103494
  104113
  104194
  104103
  104624
  104403
  103961
  103420
  104190
  103533
  103619
  103495
  103497
  103371
  103457
  103379
  103221
  102895
  102768
  103565
  102730
  102870
  102767
  102931
  103088
  102832
  102808
  103158
  102178
  102931
  102018
  102374
  101979
  102939
  102075
  102436
  101942
  101576
  102259
  101753
  102096
  101307
  101343
  101888
  101805
  101957
  101782
  101378
  101419
  101674
  100940
  101344
  101380
  101703
  100509
  100569
  100474
  100633
  100441
  100433
  100771
  100418
  100548
  100129
  100160
   99833
   99713
   99989
  100219
   99597
   99584
   99865
   99162
  100267
   99855
   99669
   99234
   98861
   98522
   98862
   99720
   98634
   98398
   98556
   98458
   98284
   97992
   98457
   98404
   98480
   98908
   97860
   97554
   98107
   98325
   98364
   98471
   98189
   98319
   97505
   97621
   96977
   98211
   97928
   98039
   97926
   97456
   97744
   97738
   97118
   97368
   97067
   97164
   98349
   97865
   98083
   97407
   97953
   97748
   97901
   97728
   98053
   97714
   98106
   97743
   97995
   98401
   97841
   97655
   98677
   99075
   98853
   98430
   99341
   99176
   99279
   99440
   99718
  100047
  100402
  100843
  100978
  101314
  101954
  102744
  102980
  103421
  103769
  105737
  105932
  107300
  109326
  110391
  112608
  114921
  116557
  118938
  121139
  122488
  124878
  126411
  125277
  123336
  121370
  119516
  118806
  117695
  117405
  116866
  115622
  115682
  114548
  114798
  114170
  113330
  112756
  111698
  111128
  110740
  109600
  109187
  108361
  108667
  108001
  107481
  107037
  106245
  105386
  105179
  104061
  104184
  104754
  103961
  103573
  103137
  103048
  102230
  102465
  101625
  102159
  101441
  101221
  100372
   99801
  100426
   99543
   99827
   99453
   98944
   98683
   98328
   98555
   98595
   98609
   98099
   97793
   97032
   97071
   96666
   96526
   96726
   97351
   97386
   97701
   98938
   97564
   96601
   95654
   95540
   95277
   94708
   95019
   95175
   94607
   94516
   94447
   94380
   94584
   94300
   94051
   93944
   94246
   94233
   94158
   93331
   93802
   93571
   93140
   93779
   93368
   93228
   92806
   93574
   93042
   92674
   92664
   92820
   92151
   92394
   92187
   91938
   92167
   91886
   91956
   92072
   91287
   91173
   91681
   91543
   90810
   91194
   91144
   91247
   91378
   91028
   91020
   90916
   90380
   90249
   90511
   90918
   90451
   90589
   90846
   89993
   89956
   89999
   90141
   89644
   90555
   90374
   90712
   90343
   90135
   89824
   90610
   90132
   90495
   90461
   90821
   90776
   92687
   96403
  106334
  116036
  118216
  109057
   97445
   91717
   90999
   92129
   92501
   92864
   93864
   93959
   92233
   90569
   89025
   88733
   88230
   88598
   88354
   88406
   88529
   88352
   87945
   88353
   87898
   87924
   88175
   87643
   87911
   87848
   88188
   88116
   87972
   87701
   87529
   87306
   87296
   87046
   87733
   87463
   87485
   86867
   87075
   87251
   87195
   87210
   86716
   87164
   87011
   86890
   87397
   87162
   86865
   86542
   86681
   86715
   86427
   86580
   86181
   86208
   86055
   86040
   86152
   85632
   86223
   85363
   85682
   85654
   85542
   85607
   85673
   85249
   85470
   84642
   85213
   85233
   84379
   84196
   84943
   84630
   84356
   84295
   84732
   84406
   84120
   84882
   84879
   85763
   86237
   85344
   85553
   85003
   83692
   83652
   84194
   83939
   82960
   82600
   82953
   83295
   83269
   82852
   82770
   83113
   82581
   83055
   82981
   83978
   83846
   83099
   82588
   81985
   82116
   81769
   81441
   81731
   81380
   81198
   81128
   80914
   81205
   81484
   80911
   80995
   81251
   81253
   81083
   80954
   81049
   80907
   80205
   80444
   80460
   80644
   80404
   79991
   80203
   80645
   80251
   80257
   79889
   79952
   79536
   80020
   79728
   80134
   79295
   79295
   79046
   79195
   79389
   79500
   79049
   80341
   81556
   85577
   89164
   89849
   86890
   82252
   79441
   78621
   77795
   78396
   77844
   78026
   77762
   78413
   78399
   79322
   80354
   79378
   78893
   77433
   77212
   77588
   77764
   77589
   77271
   77609
   77000
   77479
   76982
   77382
   77174
   76839
   76656
   77266
   77006
   76852
   77149
   76598
   76713
   76493
   76142
   76527
   75883
   76295
   76527
   76449
   76605
   76270
   75740
   76086
   75851
   76130
   76156
   76208
   75416
   75427
   75628
   75747
   75792
   75501
   75351
   75612
   75861
   75309
   74980
   75855
   75335
   75388
   75568
   75262
   75319
   75244
   75522
   75383
   75547
   74990
   75088
   75605
   74754
   75059
   75149
   74758
   74810
   74950
   74792
   74925
   74770
   74983
   75368
   75150
   75433
   75900
   76200
   76460
   75983
   74952
   74865
   74507
   74854
   74356
   74517
   74445
   74656
   74643
   74875
   74901
   73971
   74591
   74644
   74557
   74464
   74223
   74288
   74291
   74157
   74516
   74465
   75122
   76453
   78277
   79857
   80755
   79062
   76477
   75425
   74147
   74111
   74364
   74169
   74542
   74329
   74481
   73918
   74635
   74020
   73890
   74198
   74046
   74259
   74637
   73741
   73872
   74080
   73703
   74125
   74466
   74239
   73946
   74219
   74677
   74623
   74516
   74055
   75152
   76119
   79093
   84498
   91253
   94872
   91046
   84159
   77578
   75008
   74856
   74131
   74083
   73966
   73815
   74089
   74166
   73859
   73957
   74068
   74630
   74313
   74122
   74178
   74192
   73911
   74322
   74517
   74225
   74296
   74570
   74723
   74267
   74703
   75075
   74583
   74603
   74205
   74809
   74915
   74237
   74366
   74593
   74922
   74746
   75133
   74910
   74673
   75011
   74831
   75276
   74758
   75437
   74979
   75458
   75116
   75700
   75016
   75356
   75404
   74853
   75463
   74876
   75744
   75821
   76297
   75661
   75432
   75766
   75044
   75467
   75783
   75914
   75887
   76197
   76241
   76122
   76625
   75977
   76329
   76399
   76741
   76804
   76364
   76420
   76536
   76330
   77018
   76939
   76828
   77117
   76767
   77451
   77625
   76930
   77267
   77394
   77780
   77894
   77444
   77919
   77543
   78440
   77886
   77482
   78093
   78591
   78621
   78213
   78344
   78766
   78587
   78790
   78190
   78985
   79114
   78949
   78933
   79455
   78924
   78920
   79378
   79082
   79713
   79695
   78898
   79724
   79845
   79326
   79939
   80509
   80326
   80654
   80392
   80622
   80967
   81366
   80969
   81122
   81372
   81715
   82054
   81927
   82259
   81777
   82086
   81829
   83147
   81821
   82799
   82719
   82659
   83138
   83357
   83301
   83259
   83257
   83322
   83958
   83865
   84043
   84485
   85268
   85628
   85316
   85073
   85607
   85198
   84927
   85141
   85511
   85911
   85236
   86335
   86104
   85480
   86382
   86068
   86629
   86884
   87280
   87822
   86793
   87080
   87492
   87546
   88317
   87722
   88442
   88378
   88913
   88296
   88926
   88843
   88999
   89097
   89148
   89515
   89967
   89580
   90072
   90444
   90382
   90895
   90831
   90743
   91317
   91328
   91834
   91770
   91781
   91884
   92133
   92413
   92520
   92588
   92365
   93267
   93523
   93364
   93777
   93584
   93996
   94700
   94118
   94367
   94268
   95309
   95254
   95438
   95992
   95292
   96831
   95478
   96300
   95930
   96525
   96721
   97731
   97722
   97737
   98080
   98777
   98893
   98159
   98484
   98315
   99293
   99286
   99437
   99290
  100028
   99545
  100174
   99495
  100218
  100115
  101052
  100984
  101182
  101033
  101845
  101358
  102356
  102693
  102381
  102680
  102868
  102659
  102722
  103245
  103678
  103573
  104149
  104749
  103930
  103786
  104240
  104925
  105170
  104875
  106164
  105809
  106031
  105845
  106327
  106709
  106438
  107129
  106810
  106912
  106248
  107390
  107750
  107228
  107857
  108501
  107968
  108264
  109064
  108991
  108849
  109318
  109063
  109297
  109376
  110252
  109770
  111603
  111916
  111710
  111053
  110442
  110046
  109576
  110271
  110617
  110274
  109928
  110833
  110603
  110489
  110465
  110201
  109726
  109982
  109869
  109628
  109554
  109169
  109102
  108293
  108095
  107487
  107272
  107314
  106411
  105064
  104961
  103757
  102931
  102172
  100569
   99410
   97627
   96422
   94886
   92746
   90357
   88191
   86387
   84806
   81873
   80554
   79331
   77837
   76659
   75574
   74686
   73514
   72512
   70989
   70626
   70456
   69203
   68497
   67723
   66933
   66232
   66007
   65555
   64835
   65122
   64137
   63921
   63352
   63358
   62536
   62158
   61769
   61378
   60893
   60909
   60400
   60303
   59469
   59937
   59034
   58572
   58347
   58133
   57934
   57188
   56864
   57158
   56595
   56626
   55959
   56287
   55543
   55068
   55078
   55084
   54229
   54323
   54495
   53803
   53238
   53278
   53329
   52790
   53136
   52616
   52267
   52037
   51717
   51671
   51127
   51148
   50759
   50231
   50468
   49968
   49898
   49665
   49553
   49382
   48690
   48430
   49022
   48187
   47890
   48038
   48524
   48245
   48543
   49106
   50064
   51508
   52509
   52777
   52326
   50510
   48536
   47311
   46309
   45838
   45180
   44506
   44203
   43942
   43851
   43678
   43142
   42470
   42584
   42576
   42313
   42002
   41536
   41599
   41266
   41097
   41055
   40640
   40739
   40305
   39921
   40083
   39798
   39547
   39117
   39027
   38597
   38331
   38316
   38354
   38321
   37764
   37459
   37468
   36942
   37143
   36267
   36498
   36391
   36199
   35864
   35686
   35249
   35100
   35048
   35114
   34841
   34461
   34253
   34125
   33804
   33721
   33463
   33610
   32520
   33189
   32960
   32476
   32579
   32014
   31670
   31632
   31584
   31392
   31126
   31206
   30758
   30312
   30453
   30368
   30047
   30061
   29735
   29502
   29412
   28905
   29029
   28936
   28786
   28311
   28235
   28206
   28418
   28093
   27665
   27559
   27238
   26935
   27013
   26968
   26537
   26600
   26408
   26315
   26122
   25999
   25690
   25585
   25453
   25075
   25085
   25051
   24784
   24725
   24408
   24241
   24024
   23913
   23951
   23690
   23650
   23631
   23229
   23267
   22937
   23055
   22764
   22866
   22809
   22624
   22524
   22410
   22353
   22053
   22427
   21831
   21828
   21780
   21569
   21669
   21669
   21509
   21719
   21622
   21656
   21543
   21419
   21067
   20811
   21166
   20883
   20483
   20889
   20681
   20537
   20540
   20385
   20692
   20619
   20211
   20122
   19896
   20418
   20272
   20180
   20044
   19738
   19769
   19686
   19752
   19738
   19577
   19724
   19625
   19678
   19678
   19585
   19385
   19669
   19369
   19277
   19435
   19473
   19126
   19297
   19439
   19165
   19020
   19240
   19212
   19079
   18999
   19298
   19346
   19189
   19503
   19519
   20358
   22378
   25394
   29906
   32906
   32183
   28033
   23590
   20645
   19093
   18941
   18671
   18649
   18277
   18485
   18554
   18405
   18701
   18213
   18302
   18303
   18044
   18555
   18183
   18437
   18360
   17998
   18279
   18034
   18125
   17942
   18048
   18195
   18141
   18124
   18168
   17893
   18180
   18033
   18197
   18318
   18021
   17995
   18007
   17756
   17643
   18051
   17595
   17738
   17923
   17470
   18016
   17549
   17717
   17595
   17590
   17670
   17752
   17727
   17251
   17550
   17619
   17680
   17449
   17724
   17647
   17318
   17427
   17572
   17599
   17834
   18481
   20339
   24063
   29511
   34915
   36753
   33538
   27400
   21791
   18952
   17396
   17225
   17071
   16981
   17168
   17077
   16928
   17005
   17022
   17279
   16843
   16987
   17054
   16826
   16940
   17031
   16999
   16928
   16846
   16758
   16875
   17089
   16881
   17031
   16860
   16656
   16844
   16818
   16816
   16757
   16867
   16785
   16704
   16966
   16704
   16882
   16475
   16658
   16724
   16606
   16794
   16627
   16612
   16625
   16587
   16724
   16574
   16984
   16508
   16864
   16495
   16687
   16377
   16598
   16496
   16403
   16503
   16330
   16632
   16771
   16565
   16494
   16639
   16631
   16585
   16742
   16805
   16193
   16840
   16875
   16509
   16715
   16890
   17117
   16604
   16619
   16795
   16697
   16808
   16992
   16963
   17011
   17026
   16960
   17065
   17083
   17417
   16960
   17062
   17210
   17378
   17106
   17402
   17017
   17468
   17454
   17787
   17589
   17583
   18006
   17857
   17995
   18153
   17758
   18248
   18464
   18368
   18374
   18330
   18294
   18287
   18465
   18715
   18627
   18827
   18976
   19099
   19208
   19828
   19944
   20094
   20357
   20621
   21427
   22254
   23214
   24190
   26071
   29158
   35646
   50156
   88212
  194508
  472461
 1138325
 2477451
 4578891
 6890266
 8180374
 7524320
 5297141
 2832795
 1149088
  356444
   89651
   22324
    9298
    6935
    6732
    6355
    5957
    5634
    5250
    5199
    5037
    4904
    4765
    4678
    4583
    4551
    4495
    4422
    4436
    4323
    4296
    4309
    4393
    4187
    4188
    4098
    4140
    4092
    4067
    4107
    3917
    4015
    3945
    4128
    3904
    4000
    3792
    3812
    3942
    3814
    3875
    3949
    3871
    3923
    3716
    3823
    3774
    3704
    3848
    3620
    3694
    3769
    3692
    3668
    3661
    3580
    3589
    3645
    3580
    3568
    3490
    3518
    3588
    3516
    3538
    3494
    3529
    3555
    3486
    3576
    3475
    3441
    3435
    3454
    3471
    3561
    3483
    3464
    3401
    3433
    3384
    3388
    3500
    3387
    3414
    3390
    3365
    3369
    3354
    3280
    3467
    3311
    3324
    3344
    3329
    3301
    3429
    3338
    3346
    3301
    3323
    3243
    3427
    3334
    3336
    3487
    3485
    3587
    3515
    3465
    3416
    3391
    3355
    3178
    3251
    3177
    3257
    3297
    3325
    3320
    3282
    3340
    3368
    3281
    3241
    3273
    3284
    3222
    3193
    3108
    3156
    3299
    3117
    3214
    3142
    3126
    3171
    3203
    3112
    3008
    3140
    3215
    3169
    3315
    3072
    3061
    3141
    3099
    3085
    3085
    3114
    3269
    3165
    3274
    3219
    3201
    3144
    3217
    3150
    3090
    3076
    3083
    3049
    3091
    3017
    2960
    3040
    3147
    3232
    3243
    3601
    4176
    4943
    5689
    6059
    5507
    4579
    3903
    3364
    3196
    2952
    2942
    2984
    3001
    2990
    3007
    3016
    2966
    2974
    2898
    2925
    2958
    2935
    2996
    3016
    2870
    2985
    3001
    2944
    2839
    2879
    2872
    2972
    2953
    2866
    2981
    2962
    2932
    2834
    2878
    2869
    2985
    3037
    2960
    2985
    3014
    2964
    2963
    2923
    2955
    2824
    2852
    2906
    2784
    2833
    2768
    2768
    2845
    2816
    2749
    2937
    2829
    2884
    2797
    2781
    2856
    2853
    2890
    2833
    2715
    2770
    2879
    2720
    2805
    2882
    2871
    2900
    2889
    2959
    3109
    3181
    3092
    3160
    3009
    2834
    2839
    2842
    2890
    2741
    2733
    2786
    2821
    2761
    2653
    2730
    2676
    2730
    2792
    2784
    2820
    2831
    2989
    2960
    3008
    2988
    2773
    2708
    2899
    2756
    2958
    2882
    2995
    3033
    3348
    3629
    4328
    4447
    4454
    4048
    3464
    2984
    2788
    2885
    2815
    2825
    2957
    3162
    3185
    3280
    3065
    2908
    2670
    2658
    2592
    2523
    2633
    2674
    2691
    2575
    2645
    2674
    2524
    2572
    2624
    2540
    2583
    2581
    2516
    2587
    2549
    2724
    2611
    2733
    2866
    2837
    2759
    2716
    2568
    2638
    2605
    2773
    2969
    3104
    3260
    3425
    3360
    3109
    2932
    2932
    3222
    3623
    4102
    4316
    4118
    3797
    3203
    2817
    2647
    2533
    2586
    2525
    2557
    2463
    2579
    2655
    2774
    3102
    3611
    3839
    4238
    4083
    3667
    3211
    2661
    2643
    2541
    2478
    2526
    2395
    2462
    2493
    2589
    2494
    2512
    2510
    2429
    2432
    2493
    2467
    2441
    2475
    2439
    2471
    2502
    2501
    2363
    2470
    2678
    2759
    2804
    2925
    2797
    2765
    2580
    2511
    2448
    2449
    2476
    2392
    2457
    2417
    2347
    2378
    2334
    2392
    2393
    2297
    2413
    2392
    2354
    2339
    2377
    2352
    2393
    2386
    2424
    2308
    2337
    2361
    2212
    2342
    2344
    2349
    2410
    2400
    2423
    2402
    2300
    2451
    2331
    2443
    2336
    2384
    2407
    2291
    2403
    2305
    2314
    2366
    2288
    2351
    2376
    2304
    2465
    2432
    2326
    2383
    2314
    2290
    2341
    2184
    2366
    2439
    2354
    2408
    2451
    2523
    2543
    2585
    2562
    2399
    2371
    2404
    2330
    2291
    2266
    2347
    2438
    2603
    2813
    2981
    2963
    2841
    2627
    2522
    2394
    2352
    2361
    2464
    2510
    2661
    2657
    2735
    2738
    2697
    2447
    2493
    2316
    2283
    2299
    2270
    2275
    2362
    2210
    2274
    2250
    2213
    2249
    2337
    2326
    2251
    2335
    2377
    2280
    2221
    2287
    2205
    2308
    2256
    2289
    2304
    2197
    2130
    2211
    2269
    2268
    2244
    2176
    2194
    2210
    2261
    2210
    2238
    2210
    2172
    2153
    2193
    2211
    2329
    2149
    2207
    2169
    2224
    2276
    2453
    2569
    2968
    3352
    3706
    3855
    3612
    3225
    2710
    2482
    2240
    2210
    2128
    2196
    2157
    2133
    2122
    2206
    2286
    2222
    2220
    2109
    2210
    2177
    2220
    2132
    2176
    2237
    2238
    2114
    2163
    2212
    2204
    2133
    2152
    2272
    2183
    2147
    2029
    2187
    2097
    2059
    2177
    2120
    2123
    2152
    2056
    2182
    2224
    2171
    2184
    2116
    2040
    2139
    2172
    2100
    2132
    2143
    2184
    2133
    2115
    2170
    2083
    2075
    2097
    2108
    2169
    2071
    2222
    2095
    2128
    2158
    2121
    2139
    2094
    2050
    2081
    2063
    2164
    2143
    2134
    2087
    2118
    2163
    2067
    2037
    2133
    2153
    2093
    2064
    2085
    2195
    2263
    2252
    2230
    2215
    2227
    2152
    2082
    2049
    2111
    2121
    2118
    2097
    2038
    2067
    2144
    2093
    2152
    2077
    2071
    2041
    2134
    2094
    2101
    2064
    2092
    2057
    2117
    2107
    2164
    2274
    2164
    2354
    2296
    2357
    2249
    2214
    2146
    2105
    2087
    2048
    1984
    1960
    2120
    2092
    2099
    2249
    2754
    3508
    4948
    7220
    9796
   11515
   11496
    9866
    7030
    4680
    3052
    2415
    2035
    2003
    1954
    1898
    2030
    1970
    2015
    1892
    1974
    1887
    1964
    1936
    2027
    1972
    1924
    1992
    2009
    1936
    1888
    1970
    1926
    1934
    2041
    1938
    1974
    1925
    1977
    1986
    1912
    1918
    1994
    1983
    1910
    1967
    1960
    1958
    1977
    1920
    2057
    1939
    1968
    1952
    1992
    1868
    1953
    1887
    1999
    1972
    1961
    1956
    1976
    1946
    2179
    2393
    2585
    2869
    3013
    2921
    2705
    2327
    2202
    1983
    1904
    1925
    1948
    1930
    1824
    1914
    1979
    1927
    1877
    1861
    1956
    1889
    1872
    1860
    1868
    1875
    1937
    1882
    1968
    1887
    1971
    1988
    1930
    1837
    1892
    1936
    1890
    1930
    1952
    1951
    2020
    1944
    2102
    2098
    2271
    2292
    2246
    2361
    2313
    2166
    2298
    2170
    2114
    2033
    1954
    1926
    1881
    1886
    1850
    1879
    1904
    1892
    1866
    1860
    1789
    1833
    1853
    1870
    1868
    1844
    1978
    1899
    1964
    1995
    1894
    1975
    1873
    1822
    1876
    1875
    1901
    1864
    1929
    2052
    2265
    2679
    2975
    3587
    3787
    3487
    3208
    2653
    2299
    2185
    2269
    2740
    3518
    4728
    6294
    7388
    7471
    6703
    5297
    3707
    2599
    2077
    1859
    1862
    1774
    1760
    1821
    1741
    1761
    1830
    1791
    1758
    1863
    1787
    1670
    1821
    1752
    1890
    1768
    1810
    1825
    1762
    1734
    1825
    1832
    1791
    1774
    1735
    1732
    1774
    1809
    1837
    1797
    1796
    1843
    1722
    1798
    1709
    1760
    1750
    1745
    1834
    1788
    1859
    1839
    1730
    1799
    1810
    1866
    1895
    1827
    1847
    1822
    1725
    1724
    1773
    1747
    1736
    1705
    1809
    1761
    1769
    1805
    1805
    1705
    1806
    1765
    1749
    1795
    1782
    1652
    1765
    1737
    1821
    1748
    1773
    1735
    1770
    1760
    1778
    1871
    1927
    2053
    2154
    2116
    1956
    1941
    1831
    1820
    1725
    1742
    1762
    1752
    1776
    1761
    1720
    1790
    1786
    1645
    1751
    1777
    1766
    1747
    1715
    1740
    1706
    1756
    1759
    1719
    1651
    1679
    1730
    1691
    1769
    1711
    1704
    1729
    1768
    1762
    1682
    1720
    1751
    1726
    1713
    1761
    1785
    1752
    1722
    1763
    1752
    1824
    1771
    1749
    1762
    1708
    1769
    1799
    1783
    1802
    1678
    1713
    1677
    1785
    1694
    1742
    1814
    1697
    1677
    1761
    1662
    1751
    1692
    1706
    1727
    1707
    1694
    1747
    1730
    1684
    1803
    1666
    1773
    1682
    1698
    1750
    1764
    1778
    1694
    1794
    1789
    1831
    1853
    1868
    1803
    1722
    1744
    1739
    1691
    1739
    1759
    1709
    1683
    1680
    1651
    1690
    1680
    1743
    1754
    1781
    1710
    1734
    1740
    1731
    1744
    1736
    1678
    1738
    1749
    1753
    1706
    1753
    1813
    1658
    1734
    1743
    1775
    1642
    1690
    1689
    1710
    1761
    1736
    1718
    1676
    1722
    1687
    1703
    1708
    1623
    1743
    1769
    1750
    1787
    1879
    1808
    1858
    1717
    1728
    1672
    1764
    1722
    1736
    1722
    1788
    1751
    1690
    1646
    1679
    1745
    1710
    1734
    1704
    1671
    1703
    1633
    1653
    1750
    1690
    1701
    1746
    1714
    1728
    1656
    1710
    1704
    1689
    1700
    1715
    1706
    1794
    1720
    1752
    1781
    1730
    1730
    1702
    1760
    1703
    1683
    1766
    1735
    1785
    1842
    1808
    1758
    1727
    1773
    1746
    1706
    1655
    1692
    1725
    1753
    1667
    1695
    1693
    1718
    1659
    1722
    1690
    1686
    1717
    1740
    1711
    1762
    1880
    1929
    1777
    1799
    1742
    1746
    1747
    1674
    1650
    1696
    1690
    1736
    1710
    1735
    1674
    1685
    1639
    1612
    1745
    1721
    1685
    1672
    1830
    1666
    1749
    1674
    1749
    1685
    1675
    1685
    1658
    1667
    1606
    1720
    1753
    1665
    1704
    1752
    1751
    1762
    1718
    1718
    1781
    1814
    1712
    1788
    1673
    1770
    1886
    1773
    1714
    1677
    1682
    1718
    1712
    1689
    1649
    1762
    1721
    1634
    1687
    1725
    1666
    1738
    1786
    1775
    1779
    1761
    1768
    1764
    1751
    1746
    1736
    1733
    1734
    1694
    1714
    1807
    1645
    1619
    1726
    1650
    1682
    1759
    1781
    1797
    1748
    1775
    1823
    1773
    1790
    1816
    1693
    1710
    1721
    1755
    1711
    1699
    1740
    1759
    1717
    1726
    1778
    1689
    1727
    1700
    1805
    1759
    1867
    2050
    2328
    2898
    3850
    4965
    6043
    6292
    6076
    5053
    3860
    2840
    2221
    1903
    1722
    1783
    1726
    1748
    1672
    1728
    1712
    1722
    1719
    1726
    1767
    1657
    1625
    1717
    1645
    1695
    1718
    1712
    1684
    1753
    1645
    1677
    1781
    1646
    1744
    1617
    1689
    1743
    1712
    1855
    1744
    1787
    1686
    1738
    1628
    1674
    1669
    1630
    1753
    1732
    1706
    1745
    1649
    1694
    1746
    1666
    1680
    1640
    1650
    1688
    1707
    1697
    1667
    1602
    1658
    1684
    1644
    1707
    1699
    1650
    1680
    1658
    1735
    1716
    1739
    1660
    1664
    1701
    1757
    1779
    1695
    1710
    1732
    1648
    1680
    1740
    1749
    1738
    1721
    1701
    1701
    1780
    1751
    1823
    1859
    1908
    2024
    2109
    2187
    2182
    2180
    2063
    1887
    1873
    1760
    1753
    1726
    1714
    1699
    1741
    1689
    1749
    1778
    1745
    1750
    1726
    1684
    1725
    1812
    1716
    1694
    1764
    1709
    1721
    1774
    1722
    1734
    1768
    1685
    1766
    1711
    1691
    1795
    1790
    1698
    1825
    1772
    1763
    1738
    1718
    1721
    1840
    1749
    1656
    1712
    1720
    1755
    1729
    1777
    1673
    1781
    1771
    1753
    1768
    1767
    1738
    1733
    1774
    1784
    1771
    1712
    1712
    1821
    1778
    1718
    1784
    1817
    1781
    1724
    1792
    1812
    1786
    1754
    1781
    1867
    1711
    1709
    1706
    1701
    1779
    1760
    1815
    1843
    1789
    1807
    1718
    1797
    1769
    1807
    1894
    1809
    1834
    1787
    1790
    1802
    1781
    1829
    1724
    1837
    1744
    1779
    1815
    1747
    1747
    1785
    1822
    1790
    1789
    1759
    1841
    1793
    1821
    1751
    1776
    1820
    1697
    1734
    1808
    1839
    1847
    1809
    1833
    1766
    1838
    1813
    1760
    1819
    1816
    1808
    1852
    1780
    1842
    1831
    1844
    1845
    1860
    1863
    1810
    1889
    1857
    1873
    2009
    1940
    1950
    1895
    1882
    1849
    1874
    1800
    1797
    1771
    1832
    1864
    1869
    1837
    1845
    1810
    1900
    1751
    1761
    1869
    1876
    1830
    1868
    1808
    1862
    1787
    1876
    1846
    1906
    1904
    1906
    1877
    1917
    1862
    1860
    1815
    1894
    1860
    1796
    1808
    1848
    1829
    1848
    1776
    1803
    1845
    1859
    1816
    1915
    1848
    1853
    1892
    1863
    1896
    1800
    1900
    1853
    1851
    1841
    1767
    1843
    1878
    1862
    1849
    1831
    1950
    1904
    1862
    1855
    1799
    1802
    1843
    1857
    1828
    1845
    1897
    1877
    1869
    1954
    2009
    2181
    2480
    2730
    3072
    3421
    3590
    3348
    3072
    2578
    2168
    1962
    1840
    1726
    1749
    1799
    1680
    1662
    1657
    1593
    1628
    1633
    1589
    1566
    1679
    1567
    1591
    1634
    1577
    1678
    1642
    1650
    1581
    1574
    1507
    1458
    1467
    1471
    1463
    1441
    1465
    1443
    1389
    1447
    1506
    1460
    1521
    1435
    1497
    1360
    1400
    1387
    1369
    1465
    1401
    1312
    1407
    1394
    1365
    1410
    1354
    1352
    1404
    1325
    1294
    1345
    1394
    1280
    1338
    1384
    1262
    1304
    1301
    1328
    1316
    1278
    1278
    1291
    1308
    1282
    1296
    1318
    1241
    1289
    1238
    1226
    1312
    1323
    1274
    1317
    1311
    1189
    1271
    1309
    1290
    1270
    1300
    1245
    1305
    1265
    1224
    1202
    1280
    1286
    1204
    1278
    1285
    1251
    1208
    1245
    1203
    1248
    1244
    1228
    1219
    1240
    1217
    1237
    1361
    1323
    1359
    1554
    1704
    1661
    1663
    1501
    1360
    1420
    1268
    1225
    1252
    1180
    1210
    1197
    1189
    1165
    1200
    1214
    1254
    1213
    1227
    1215
    1181
    1243
    1167
    1212
    1161
    1197
    1215
    1127
    1172
    1136
    1102
    1218
    1138
    1204
    1179
    1212
    1177
    1178
    1119
    1166
    1118
    1150
    1198
    1081
    1113
    1146
    1147
    1065
    1107
    1135
    1078
    1062
    1125
    1090
    1097
    1141
    1079
    1110
    1105
    1055
    1127
    1079
    1107
    1111
    1116
    1084
    1084
    1081
    1095
    1089
    1046
    1130
    1129
    1081
    1089
    1087
    1076
    1036
    1120
    1083
    1057
    1091
    1109
    1112
    1099
    1083
    1078
    1089
    1072
    1005
    1006
    1066
    1014
    1051
    1100
    1074
    1034
    1039
    1045
    1143
     992
    1117
    1093
    1100
    1150
    1075
    1035
    1188
    1126
    1095
    1140
    1174
    1181
    1211
    1258
    1260
    1292
    1140
    1103
    1038
     979
     899
     952
     843
     843
     842
     907
     888
     851
     873
     862
     830
     858
     809
     835
     818
     821
     851
     851
     858
     851
     879
     890
     850
     850
     863
     790
     855
     769
     802
     826
     819
     824
     832
     789
     826
     761
     742
     824
     766
     803
     749
     748
     799
     796
     759
     793
     803
     779
     769
     767
     772
     720
     769
     734
     801
     817
     706
     730
     701
     735
     756
     737
     769
     729
     716
     704
     733
     740
     746
     717
     738
     735
     711
     710
     716
     719
     665
     696
     699
     689
     721
     702
     655
     714
     653
     747
     673
     730
     758
     686
     737
     701
     668
     696
     693
     680
     713
     693
     695
     690
     659
     679
     642
     682
     703
     684
     666
     664
     671
     646
     674
     688
     631
     692
     636
     654
     654
     645
     655
     683
     601
     624
     615
     611
     655
     623
     615
     662
     696
     615
     634
     604
     632
     610
     634
     612
     647
     646
     704
     721
     870
    1047
    1280
    1519
    1697
    1739
    1609
    1378
    1115
     910
     795
     716
     688
     624
     624
     578
     629
     625
     594
     624
     659
     634
     672
     750
     776
     844
     824
     796
     770
     700
     733
     667
     612
     602
     616
     624
     598
     590
     545
     583
     625
     597
     633
     574
     611
     614
     591
     604
     571
     607
     584
     610
     611
     575
     599
     589
     596
     559
     654
     576
     594
     591
     624
     645
     596
     669
     736
     790
     772
     922
     918
     857
     818
     800
     716
     674
     661
     597
     623
     606
     602
     642
     648
     727
     821
     984
    1105
    1250
    1307
    1144
    1101
     870
     756
     694
     617
     591
     549
     550
     625
     580
     591
     579
     566
     609
     564
     599
     537
     572
     549
     632
     566
     540
     553
     627
     580
     582
     600
     590
     624
     557
     552
     591
     541
     569
     587
     544
     570
     597
     583
     545
     588
     615
     576
     588
     553
     617
     576
     581
     579
     557
     536
     593
     585
     569
     515
     584
     552
     588
     555
     561
     589
     594
     640
     641
     603
     587
     655
     724
     793
    1052
    1251
    1696
    2122
    2299
    2500
    2312
    2015
    1499
    1152
     862
     676
     584
     608
     548
     569
     541
     608
     552
     577
     554
     566
     569
     564
     593
     597
     599
     616
     559
     606
     580
     574
     613
     606
     539
     583
     568
     619
     626
     580
     608
     594
     596
     626
     626
     580
     599
     620
     606
     589
     554
     593
     610
     620
     614
     552
     579
     632
     650
     651
     692
     747
     837
    1009
    1575
    2228
    4031
    7198
   12690
   21453
   33192
   48015
   60744
   68809
   68336
   59838
   45178
   29877
   16711
    8228
    3548
    1485
     681
     431
     332
     319
     335
     308
     333
     289
     315
     296
     292
     313
     299
     299
     355
     301
     302
     298
     301
     329
     313
     291
     296
     291
     305
     288
     302
     302
     317
     291
     270
     289
     276
     289
     321
     283
     299
     269
     289
     319
     284
     309
     315
     325
     301
     309
     304
     305
     265
     297
     290
     274
     294
     296
     275
     325
     283
     298
     290
     257
     308
     303
     297
     270
     301
     299
     251
     275
     312
     264
     267
     283
     307
     297
     296
     293
     313
     309
     276
     329
     272
     300
     330
     378
     399
     467
     481
     532
     518
     514
     457
     385
     357
     300
     318
     311
     270
     274
     325
     346
     384
     405
     379
     400
     419
     363
     357
     348
     314
     296
     322
     289
     305
     279
     256
     282
     286
     289
     324
     407
     486
     621
     737
     836
     870
     801
     758
     595
     470
     409
     354
     357
     346
     357
     351
     367
     353
     320
     308
     280
     254
     291
     272
     269
     259
     294
     267
     294
     254
     259
     267
     284
     251
     309
     279
     281
     309
     241
     270
     280
     279
     278
     261
     284
     274
     286
     285
     268
     258
     269
     279
     272
     303
     280
     323
     264
     293
     265
     285
     302
     320
     279
     289
     281
     270
     277
     270
     270
     259
     276
     307
     265
     259
     274
     306
     269
     238
     276
     307
     281
     311
     339
     342
     334
     381
     375
     376
     340
     301
     269
     291
     262
     288
     289
     269
     296
     316
     353
     332
     355
     287
     294
     279
     269
     243
     276
     241
     268
     209
     258
     237
     255
     234
     235
     264
     285
     259
     248
     267
     227
     230
     245
     248
     261
     244
     227
     252
     232
     247
     281
     261
     261
     250
     295
     320
     272
     257
     268
     257
     270
     246
     266
     227
     260
     241
     242
     237
     233
     237
     219
     277
     254
     216
     241
     256
     234
     214
     235
     238
     241
     201
     232
     229
     245
     245
     245
     257
     218
     247
     255
     243
     238
     228
     226
     256
     253
     218
     247
     246
     224
     245
     231
     238
     231
     229
     216
     201
     187
     208
     255
     220
     242
     241
     248
     263
     272
     320
     350
     386
     409
     401
     405
     346
     387
     399
     372
     410
     413
     411
     332
     319
     318
     308
     297
     356
     408
     562
     755
     898
    1033
    1042
     980
     908
     764
     639
     469
     445
     451
     530
     624
     697
     757
     744
     752
     678
     561
     482
     418
     344
     343
     303
     285
     261
     264
     251
     270
     272
     283
     257
     323
     309
     329
     302
     291
     295
     264
     247
     206
     232
     216
     238
     233
     195
     207
     197
     223
     243
     228
     242
     246
     224
     235
     230
     241
     241
     214
     236
     215
     235
     240
     244
     228
     210
     235
     199
     245
     221
     226
     270
     259
     201
     213
     200
     219
     225
     232
     202
     195
     204
     244
     243
     221
     254
     269
     290
     373
     461
     499
     578
     603
     576
     545
     478
     412
     291
     251
     265
     264
     235
     273
     295
     294
     271
     252
     253
     215
     239
     197
     211
     240
     247
     273
     349
     436
     536
     556
     605
     623
     607
     467
     412
     315
     278
     199
     222
     199
     206
     195
     198
     206
     239
     222
     224
     232
     298
     307
     342
     304
     331
     287
     282
     253
     263
     225
     212
     192
     202
     209
     218
     237
     208
     205
     179
     201
     184
     199
     181
     187
     192
     200
     227
     186
     221
     167
     171
     172
     211
     196
     206
     199
     207
     189
     208
     194
     154
     184
     184
     176
     186
     164
     160
     187
     181
     198
     168
     216
     195
     192
     189
     202
     214
     199
     211
     188
     230
     274
     265
     331
     392
     442
     456
     462
     391
     344
     312
     273
     258
     228
     199
     187
     200
     205
     234
     215
     259
     235
     235
     225
     185
     214
     201
     199
     196
     179
     203
     179
     176
     193
     182
     170
     174
     207
     180
     184
     172
     195
     193
     178
     173
     186
     203
     184
     165
     206
     207
     192
     209
     192
     178
     200
     187
     216
     207
     196
     179
     177
     202
     174
     189
     226
     211
     248
     241
     238
     248
     234
     229
     219
     170
     177
     206
     223
     204
     161
     181
     166
     179
     175
     198
     159
     193
     209
     201
     187
     229
     221
     244
     259
     247
     240
     234
     207
     193
     194
     208
     220
     180
     181
     187
     197
     194
     208
     184
     189
     171
     186
     204
     206
     190
     172
     187
     201
     181
     177
     189
     191
     189
     193
     161
     172
     176
     175
     183
     188
     174
     175
     184
     193
     191
     178
     188
     187
     185
     172
     193
     178
     199
     171
     182
     188
     196
     185
     191
     189
     170
     177
     169
     181
     161
     177
     191
     171
     184
     192
     168
     176
     168
     175
     148
     180
     202
     161
     174
     155
     183
     160
     165
     193
     186
     167
     183
     197
     187
     197
     203
     214
     172
     207
     199
     213
     249
     260
     316
     366
     534
     667
     753
     858
     844
     805
     638
     509
     369
     284
     215
     168
     190
     155
     168
     175
     173
     175
     158
     150
     181
     169
     171
     181
     185
     201
     186
     180
     179
     187
     169
     175
     186
     155
     177
     188
     180
     194
     175
     155
     185
     162
     166
     180
     169
     161
     184
     173
     172
     191
     198
     183
     168
     191
     176
     185
     182
     182
     160
     177
     176
     174
     187
     161
     171
     169
     163
     187
     161
     186
     185
     176
     161
     165
     183
     197
     160
     176
     175
     184
     189
     190
     172
     168
     170
     189
     196
     200
     196
     219
     277
     421
     554
     863
    1206
    1743
    2416
    2984
    3602
    3668
    3523
    3027
    2281
    1576
     972
     600
     374
     229
     201
     177
     170
     150
     165
     160
     123
     146
     168
     168
     170
     166
     165
     175
     153
     156
     178
     169
     162
     141
     151
     161
     165
     163
     177
     144
     174
     188
     206
     228
     197
     225
     187
     197
     199
     192
     191
     183
     168
     168
     190
     166
     147
     171
     168
     156
     170
     142
     163
     156
     159
     165
     164
     157
     146
     140
     180
     155
     174
     178
     163
     161
     164
     120
     146
     176
     153
     169
     162
     146
     128
     162
     164
     158
     150
     175
     149
     147
     161
     182
     175
     156
     168
     158
     176
     193
     171
     169
     171
     159
     142
     165
     176
     148
     167
     174
     163
     162
     163
     182
     163
     163
     151
     169
     179
     193
     195
     161
     168
     181
     175
     153
     142
     157
     163
     169
     152
     142
     155
     161
     133
     164
     171
     160
     185
     179
     159
     154
     160
     150
     161
     163
     144
     151
     158
     168
     170
     187
     186
     147
     153
     163
     157
     139
     170
     145
     165
     184
     169
     163
     182
     166
     170
     182
     150
     179
     165
     149
     169
     163
     163
     153
     140
     172
     141
     144
     173
     144
     157
     157
     133
     160
     163
     163
     168
     158
     152
     142
     180
     146
     159
     161
     167
     155
     170
     192
     157
     189
     183
     222
     208
     218
     252
     237
     254
     210
     231
     192
     166
     187
     178
     171
     196
     204
     170
     187
     183
     165
     178
     158
     175
     222
     246
     252
     362
     447
     538
     604
     619
     566
     516
     429
     380
     279
     200
     185
     149
     141
     153
     156
     159
     138
     176
     167
     147
     181
     163
     157
     166
     159
     159
     151
     156
     162
     178
     166
     149
     146
     131
     178
     170
     166
     160
     155
     154
     163
     162
     175
     153
     166
     145
     164
     186
     161
     155
     144
     163
     163
     164
     164
     144
     160
     160
     156
     154
     164
     150
     170
     168
     164
     181
     161
     165
     167
     174
     181
     186
     155
     182
     199
     180
     186
     199
     154
     148
     166
     154
     164
     147
     155
     153
     169
     148
     171
     178
     159
     176
     168
     165
     145
     155
     157
     175
     152
     162
     159
     144
     147
     175
     164
     155
     191
     159
     191
     148
     184
     173
     155
     190
     177
     178
     168
     152
     182
     165
     175
     146
     175
     185
     179
     164
     163
     162
     151
     167
     152
     169
     184
     168
     195
     185
     196
     187
     194
     175
     165
     168
     172
     181
     180
     158
     147
     170
     186
     169
     145
     158
     131
     132
     149
     162
     161
     145
     144
     164
     137
     150
     169
     134
     160
     179
     174
     173
     162
     164
     153
     176
     192
     159
     163
     160
     150
     134
     149
     152
     154
     142
     159
     146
     164
     153
     148
     140
     159
     140
     150
     159
     147
     156
     182
     150
     179
     175
     136
     177
     151
     173
     155
     149
     167
     175
     158
     140
     142
     140
     181
     149
     156
     145
     175
     124
     150
     171
     190
     131
     139
     167
     159
     153
     167
     157
     165
     163
     160
     151
     168
     167
     184
     175
     169
     151
     150
     153
     189
     165
     175
     145
     165
     179
     189
     214
     188
     198
     185
     197
     184
     175
     160
     154
     167
     176
     146
     150
     168
     162
     169
     177
     175
     159
     159
     169
     182
     175
     166
     155
     160
     160
     151
     167
     155
     144
     184
     159
     156
     155
     175
     175
     149
     151
     140
     181
     141
     170
     163
     157
     166
     178
     179
     155
     179
     162
     152
     131
     164
     149
     141
     141
     143
     159
     164
     152
     135
     171
     157
     155
     163
     146
     157
     154
     151
     137
     152
     130
     156
     137
     133
     156
     143
     178
     171
     160
     139
     146
     168
     170
     166
     164
     148
     153
     152
     149
     160
     133
     146
     134
     157
     150
     135
     170
     157
     161
     154
     165
     167
     141
     153
     172
     137
     165
     144
     151
     142
     140
     154
     185
     155
     144
     141
     143
     163
     148
     153
     163
     137
     136
     152
     137
     144
     146
     123
     143
     147
     132
     137
     141
     148
     143
     151
     134
     145
     149
     143
     148
     158
     143
     149
     169
     132
     131
     115
     167
     168
     139
     144
     170
     137
     147
     160
     139
     158
     144
     134
     131
     169
     153
     140
     138
     142
     145
     143
     160
     137
     156
     137
     123
     143
     164
     134
     139
     149
     128
     145
     152
     137
     128
     132
     147
     164
     117
     140
     154
     154
     157
     146
     141
     133
     154
     123
     136
     139
     146
     149
     142
     167
     141
     151
     130
     128
     144
     138
     114
     138
     137
     133
     129
     151
     147
     137
     134
     131
     152
     154
     129
     133
     136
     157
     139
     152
     127
     114
     161
     146
     132
     165
     136
     170
     133
     148
     118
     123
     145
     141
     148
     161
     145
     142
     145
     141
     135
     168
     170
     100
     133
     133
     141
     145
     142
     162
     142
     126
     152
     131
     141
     157
     154
     127
     126
     139
     129
     142
     157
     140
     140
     149
     154
     164
     157
     116
     152
     140
     128
     153
     125
     159
     141
     148
     165
     149
     156
     135
     142
     154
     149
     142
     128
     135
     161
     144
     165
     154
     143
     131
     132
     160
     116
     164
     170
     141
     126
     132
     120
     133
     135
     124
     128
     136
     139
     155
     144
     150
     143
     151
     150
     147
     128
     146
     126
     146
     131
     139
     154
     141
     126
     137
     148
     143
     127
     126
     123
     125
     144
     130
     135
     139
     130
     141
     135
     134
     135
     141
     141
     141
     120
     163
     146
     149
     137
     134
     126
     138
     138
     136
     142
     139
     144
     143
     124
     125
     155
     130
     140
     132
     145
     134
     130
     172
     136
     129
     139
     138
     145
     133
     148
     143
     133
     129
     136
     133
     143
     135
     125
     147
     135
     147
     137
     157
     142
     134
     123
     140
     135
     118
     138
     134
     135
     146
     154
     131
     141
     134
     161
     146
     135
     144
     131
     127
     133
     131
     144
     141
     166
     152
     131
     145
     125
     139
     164
     162
     136
     144
     130
     148
     150
     141
     143
     118
     161
     146
     129
     125
     142
     124
     143
     148
     147
     160
     170
     158
     184
     256
     295
     330
     379
     470
     569
     639
     783
     843
     880
     850
     847
     811
     710
     565
     480
     364
     300
     273
     210
     188
     179
     137
     143
     185
     191
     145
     153
     160
     170
     165
     137
     162
     143
     140
     137
     166
     145
     176
     143
     149
     145
     172
     169
     180
     178
     236
     266
     301
     333
     358
     376
     371
     365
     279
     255
     251
     179
     174
     179
     146
     155
     138
     143
     143
     133
     146
     143
     143
     126
     145
     146
     143
     139
     161
     117
     139
     139
     116
     124
     132
     127
     156
     139
     130
     140
     135
     145
     154
     147
     152
     130
     159
     129
     138
     150
     138
     109
     134
     113
     132
     139
     159
     125
     150
     144
     137
     141
     154
     125
     144
     130
     146
     156
     137
     132
     153
     128
     155
     133
     136
     131
     135
     127
     157
     134
     138
     156
     129
     134
     162
     139
     131
     155
     150
     131
     132
     140
     147
     124
     148
     142
     134
     148
     159
     138
     141
     139
     140
     140
     138
     127
     170
     142
     145
     158
     156
     154
     148
     145
     148
     122
     111
     128
     135
     133
     153
     146
     130
     138
     131
     150
     138
     139
     155
     120
     156
     140
     153
     159
     133
     145
     148
     148
     131
     130
     150
     146
     130
     126
     149
     143
     143
     147
     143
     140
     153
     136
     121
     125
     130
     144
     134
     162
     147
     143
     138
     138
     158
     135
     148
     143
     162
     150
     139
     127
     142
     149
     147
     156
     144
     162
     132
     141
     138
     141
     180
     134
     147
     150
     155
     146
     156
     141
     159
     115
     160
     135
     128
     143
     132
     143
     157
     125
     185
     131
     139
     156
     135
     129
     143
     176
     157
     159
     143
     145
     151
     159
     139
     147
     128
     160
     143
     149
     144
     129
     150
     133
     134
     143
     149
     156
     152
     165
     192
     163
     231
     252
     268
     340
     476
     599
     798
     891
     977
    1037
    1161
     982
     865
     726
     557
     364
     290
     207
     167
     131
     145
     161
     143
     146
     161
     139
     144
     148
     150
     125
     130
     139
     172
     129
     142
     129
     141
     141
     164
     144
     151
     168
     152
     144
     153
     146
     122
     139
     155
     122
     157
     144
     132
     140
     160
     167
     151
     159
     174
     213
     190
     203
     225
     192
     195
     214
     177
     156
     141
     145
     145
     139
     155
     145
     142
     160
     127
     142
     139
     146
     135
     147
     158
     143
     130
     139
     156
     146
     126
     140
     141
     131
     139
     144
     150
     156
     157
     143
     185
     135
     135
     166
     139
     147
     144
     126
     133
     137
     151
     121
     147
     136
     158
     155
     173
     143
     140
     164
     162
     128
     149
     151
     160
     163
     149
     130
     174
     150
     151
     148
     146
     163
     145
     146
     134
     153
     121
     145
     147
     160
     152
     166
     169
     149
     146
     153
     161
     142
     129
     140
     148
     134
     161
     168
     148
     157
     151
     147
     153
     129
     157
     150
     157
     152
     151
     157
     123
     164
     146
     124
     134
     140
     148
     135
     138
     155
     173
     136
     146
     164
     151
     149
     136
     156
     140
     124
     140
     142
     132
     135
     164
     155
     146
     150
     163
     172
     165
     153
     160
     145
     155
     184
     158
     141
     146
     151
     159
     147
     180
     156
     167
     153
     150
     156
     142
     167
     122
     148
     152
     149
     155
     173
     125
     151
     136
     156
     154
     148
     137
     148
     160
     150
     141
     127
     136
     153
     155
     150
     165
     160
     163
     145
     175
     182
     164
     177
     166
     158
     187
     166
     205
     199
     224
     212
     217
     210
     198
     163
     188
     188
     145
     169
     160
     155
     149
     153
     174
     157
     162
     189
     163
     163
     144
     169
     168
     136
     169
     176
     159
     167
     158
     155
     166
     152
     165
     155
     141
     158
     166
     151
     163
     156
     170
     151
     145
     171
     153
     147
     151
     162
     138
     158
     180
     161
     167
     162
     160
     144
     164
     155
     172
     160
     170
     149
     167
     161
     155
     156
     161
     167
     190
     162
     180
     150
     160
     163
     150
     165
     159
     189
     153
     174
     181
     169
     147
     149
     176
     159
     166
     187
     153
     168
     175
     161
     189
     183
     147
     178
     172
     171
     184
     165
     210
     156
     177
     179
     155
     176
     178
     183
     166
     174
     172
     173
     187
     174
     176
     160
     195
     193
     159
     182
     183
     164
     149
     182
     183
     193
     180
     173
     163
     168
     185
     176
     149
     161
     165
     158
     153
     181
     163
     158
     183
     161
     166
     184
     172
     160
     173
     160
     176
     151
     165
     159
     183
     180
     184
     182
     162
     180
     170
     181
     175
     171
     177
     178
     175
     190
     171
     171
     162
     161
     169
     196
     185
     160
     162
     175
     176
     180
     206
     144
     170
     174
     183
     152
     171
     174
     170
     151
     194
     146
     146
     179
     198
     173
     156
     197
     174
     186
     184
     184
     171
     186
     156
     187
     193
     189
     183
     195
     194
     199
     170
     181
     175
     179
     181
     206
     169
     155
     166
     179
     167
     189
     180
     169
     195
     191
     174
     170
     157
     181
     185
     161
     157
     181
     170
     192
     180
     170
     204
     152
     164
     138
     123
     152
     132
     147
     144
     144
     137
     135
     153
     152
     153
     150
     158
     146
     137
     134
     121
     133
     162
     141
     128
     122
     130
     152
     134
     128
     137
     147
     146
     128
     119
     133
     127
     107
     108
     149
     131
     120
     128
     131
     111
     132
     140
     143
     132
     130
     137
     119
     122
     119
     103
     132
     103
     123
     121
     114
     121
     106
     116
     113
      99
     126
     130
      97
     138
     125
     113
     119
     149
     116
     125
     133
     126
     101
     131
     150
     123
     112
     121
     111
     127
     118
     117
     115
     122
     124
     104
     104
     107
     130
     125
     124
     106
     102
     129
     108
     113
     110
     114
     137
     124
     110
      95
     122
     114
     115
     127
     101
     114
     118
     111
      95
     116
     120
     115
     153
     127
     113
     112
     113
     115
     104
     107
     104
     105
      94
     108
     108
      92
     114
     110
     110
     105
     126
     129
     123
     108
     121
     107
     115
      98
      93
     111
      99
     123
     109
      95
     103
      85
     115
     109
      95
     111
      95
     107
     118
     117
      96
     118
     110
      88
      87
     113
      90
      88
      87
     107
     110
      92
      93
     111
     105
     132
     125
     134
     161
     186
     215
     229
     257
     327
     362
     349
     387
     311
     285
     251
     174
     166
     152
     111
      98
     105
     103
      94
      93
     102
      67
      77
      96
      77
      93
     103
      95
     105
      81
      81
     104
      94
      89
      81
      91
      90
     100
      79
      96
     103
      84
      72
      80
      77
      81
      70
     100
      88
      87
      77
      85
      68
      73
      88
      86
      77
      88
      73
      88
      87
      77
      88
      85
      84
      63
      71
      66
      93
      89
      88
      84
      69
      61
      69
      83
      70
      65
      73
      80
      87
      78
      71
      73
      78
      61
      67
      82
      61
      77
      72
      65
      45
      81
      70
      85
      69
      68
      55
      76
      68
      67
      70
      60
      65
      63
      69
      70
      72
      77
      53
      62
      80
      66
      80
      63
      66
      75
      61
      63
      48
      62
      62
      53
      64
      66
      43
      52
      60
      59
      61
      55
      71
      65
      48
      58
      55
      63
      52
      76
      67
      56
      68
      51
      57
      51
      70
      53
      64
      47
      45
      60
      47
      52
      58
      53
      51
      55
      54
      58
      50
      54
      55
      58
      39
      53
      49
      47
      66
      62
      42
      42
      43
      40
      44
      49
      45
      40
      43
      52
      50
      42
      53
      54
      50
      41
      48
      50
      45
      50
      39
      54
      45
      37
      43
      52
      41
      48
      57
      46
      34
      46
      42
      40
      27
      51
      42
      42
      42
      43
      32
      32
      52
      42
      43
      55
      34
      37
      40
      42
      37
      37
      49
      25
      45
      48
      36
      51
      31
      53
      45
      34
      30
      41
      40
      37
      40
      40
      43
      38
      40
      44
      42
      52
      47
      33
      46
      52
      41
      34
      33
      38
      40
      39
      38
      39
      34
      60
      45
      37
      37
      27
      45
      41
      29
      39
      40
      33
      32
      36
      34
      31
      47
      32
      35
      35
      44
      38
      38
      43
      33
      34
      44
      36
      42
      33
      34
      32
      29
      30
      42
      38
      49
      41
      36
      26
      33
      40
      36
      37
      39
      38
      35
      46
      35
      35
      41
      43
      38
      42
      32
      41
      35
      31
      43
      39
      33
      28
      29
      33
      50
      33
      37
      37
      42
      33
      33
      38
      38
      47
      36
      37
      45
      27
      53
      31
      33
      38
      40
      37
      50
      45
      38
      40
      33
      30
      38
      30
      38
      39
      45
      29
      38
      40
      40
      36
      35
      43
      34
      38
      43
      34
      39
      46
      44
      53
      46
      30
      30
      28
      42
      39
      33
      39
      38
      38
      28
      31
      32
      37
      32
      31
      28
      36
      28
      46
      46
      41
      44
      34
      46
      35
      37
      41
      38
      38
      50
      45
      47
      39
      34
      43
      41
      31
      30
      22
      37
      47
      33
      35
      45
      35
      31
      49
      37
      35
      43
      33
      36
      55
      35
      41
      39
      53
      34
      39
      38
      38
      49
      40
      38
      36
      41
      47
      47
      45
      44
      52
      65
      41
      39
      53
      51
      43
      48
      59
      61
      63
      83
     101
     174
     227
     363
     495
     733
    1061
    1645
    2213
    3010
    3905
    4841
    5558
    6082
    6332
    6079
    5606
    4753
    3674
    2516
    1723
    1060
     584
     303
     160
      75
      48
      22
      18
      16
      12
      20
      15
      13
      18
      15
      15
      20
      22
      19
      15
      12
      15
      13
      17
      11
      12
      15
      18
      16
      22
      16
       6
      17
      25
      17
      17
      13
      22
      16
      15
      20
      15
      18
      13
      14
       9
      20
      14
      14
      12
      13
      14
      15
      12
      10
      16
      22
      17
      19
      19
      21
      19
      13
      12
      17
      24
      19
      12
      12
      18
      21
      14
      16
      12
      14
      13
      14
      14
      16
      14
      17
      14
      11
       6
      12
      12
      19
      24
       7
      16
      19
      10
      15
       9
      13
      12
      19
      18
      17
      17
      14
      15
      11
      15
      26
      12
      18
      16
      15
      18
      14
      17
      17
       8
      16
      11
      14
      20
      18
      13
      10
       8
      12
      11
      15
      14
      12
      19
      12
      14
      15
      22
      14
      12
      19
      22
      24
       8
      16
      15
      23
      12
      14
      10
      14
      18
      21
      17
      16
      14
      18
      11
      16
      18
      19
      19
      17
      13
      11
       9
      14
      21
      10
      15
      13
      14
      14
      12
       6
      23
      23
      14
      17
      20
      10
       7
      18
      22
      12
      13
      16
      14
      20
      13
      15
      10
       7
       9
      11
      11
      16
      13
      11
      13
      19
      23
      21
      16
      17
      15
      10
      18
      20
      16
      18
      10
      13
      16
      17
      18
      23
      22
      21
      20
      26
      19
      13
      13
      25
       8
      16
      13
      13
      18
      12
      15
      15
       7
      12
      14
      11
      11
      20
      17
      15
      15
      14
      10
      21
      22
      11
      20
       7
      12
      12
      11
      16
      12
      18
       8
      11
      16
      15
       7
      15
      16
       9
      12
      15
      12
      14
      19
      16
       9
      17
      17
      13
      13
      11
      11
       3
      15
      11
      12
      13
       9
      13
      11
      13
      21
      16
      11
      15
      21
      20
      24
      21
      13
      14
      16
      19
      18
      21
      17
      11
       9
      13
      17
      12
      10
       6
       7
      12
      11
      16
      15
      13
      15
      14
       8
      12
       5
      16
      10
      10
      10
      14
      16
      13
       9
      11
       7
      10
      16
      10
       9
      18
       9
      14
      12
      14
      14
      17
      14
       9
      13
      13
       8
       8
      12
      20
       6
      16
      21
      13
       7
      15
      17
       9
      14
      14
      16
      14
      17
      11
      14
      24
       9
      12
      12
      18
      15
      13
      11
      14
      14
      14
      18
      11
      14
      25
      16
      17
      16
      12
      19
      15
      15
      20
      11
      17
      14
      23
      14
      10
      19
      19
      20
      10
       7
      18
      16
      19
      12
      13
      14
      14
       6
      18
       7
      12
      17
      16
      16
      13
      12
      10
      10
      11
      18
      13
      17
      11
      12
      14
      14
      17
      17
      10
      18
      19
      19
      13
      12
      11
      10
       6
      11
      15
      11
      11
      10
      17
      20
      10
      13
      16
       9
      13
      15
      16
      10
      16
      13
       8
      14
      12
      10
       8
      18
      11
      18
      12
      13
      18
      13
      13
      13
      12
      16
      15
      18
      16
      20
      15
      19
      17
      11
      16
      14
      14
      16
       7
      10
      15
      21
      11
       6
      16
       9
      14
       7
      13
       8
      14
      16
      16
      10
      11
      15
       9
      13
      11
      12
      10
      15
      15
       9
      19
      16
      17
      11
      14
      12
      12
      17
      13
      17
      12
      14
      14
      16
      19
      15
      13
      17
      17
      19
      18
       9
      17
      18
      12
       9
      16
      12
      14
      15
      13
      13
      14
       8
      11
      17
       9
      16
      17
       7
      10
      22
      14
      13
      11
      15
       9
      12
      16
       9
       6
      16
      12
      12
      16
      10
      11
      13
      13
      11
      10
      13
      17
      16
      13
       9
      11
      17
      12
      16
      20
      15
      13
      16
      13
       8
      17
      13
      11
      22
      17
      14
      14
       8
      12
      21
      19
      15
      21
      14
      18
      13
      20
      15
       8
      16
      16
      13
       9
      18
      13
      13
      17
      14
      20
      19
      12
      18
      18
      21
      16
      11
      12
      21
      16
      15
      16
      14
      14
      17
      21
      20
      17
      16
      12
      25
      10
      23
      16
      21
      15
      22
      17
      19
      33
      13
      11
      19
      21
      21
      17
      32
      17
      26
      20
      19
      13
      25
      20
      23
      11
      18
      17
      18
      14
      23
      24
      18
      19
      14
      14
      18
      27
      20
      16
      25
      21
      11
      20
      17
      21
      20
      25
      33
      21
      19
      14
      25
      13
      22
      18
      15
      31
      17
      18
      26
      16
      19
      13
      17
      18
      22
      28
      20
      16
      18
      18
      22
      18
      13
      34
      21
      27
      14
      19
      19
      31
      25
      26
      26
      25
      28
      25
      27
      22
      25
      21
      22
      16
      26
      31
      27
      33
      27
      23
      18
      23
      21
      32
      30
      34
      29
      17
      26
      27
      38
      29
      30
      36
      30
      30
      42
      24
      18
      31
      28
      32
      28
      21
      38
      20
      24
      25
      28
      35
      33
      31
      35
      30
      33
      47
      35
      38
      27
      32
      26
      36
      35
      36
      34
      30
      43
      33
      43
      31
      34
      35
      31
      37
      27
      44
      40
      36
      38
      36
      35
      45
      43
      37
      54
      35
      55
      64
      47
      50
      40
      53
      35
      68
      58
      47
      43
      43
      63
      50
      54
      57
      46
      54
      57
      59
      62
      53
      67
      68
      63
      65
      66
      66
      52
      63
      61
      52
      49
      54
      41
      47
      38
      41
      63
      42
      46
      47
      42
      50
      65
      61
      65
     107
     119
     189
     223
     353
     601
    1206
    2759
    7116
   20992
   60846
  175004
  390824
  541505
  425751
  186033
   44910
    6506
     800
     246
     206
     163
     162
     138
     138
     146
     140
     118
     118
     124
     109
     111
     106
      93
     109
      94
      92
      86
      87
      87
      92
     103
      70
      76
      78
      79
      78
      73
      80
      70
      62
      69
      78
      74
      76
      70
      81
      74
      72
      80
      54
       0
       0
       0
       0
       0
       0
       0
       0
       0
       0
       0
       0
       0
       0
       0
       0
       0
       0
       0
       0
       0
       0
       0
       0
       0
       0
       0
       0
       0
       0
       0
       0
       0
       0
       0
       0
       0
       0
       0
       0
       0
       0
       0
       0
       0
       0
       0
       0
       0
       0
       0
       0
       0
       0
       0
       0
       0
       0
       0
       0
       0
       0
       0
       0
       0
       0
       0
       0
       0
       0
       0
       0
       0
       0
       0
       0
       0
       0
       0
       0
       0
       0
       0
       0
       0
       0
       0
       0
       0
       0
       0
       0
       0
       0
       0
       0
       0
       0
       0
       0
       0
       0
       0
       0
       0
       0
       0
       0
       0
       0
       0
       0
       0
       0
       0
       0
       0
       0
       0
       0
       0
       0
       0
       0
       0
       0
       0
       0

