       0
       0
       0
       0
       0
       0
       0
       0
       0
       0
       0
       0
       0
       0
       0
       0
       0
       0
       0
       0
       0
       0
       0
       0
       0
       0
       0
       0
       0
       0
       0
       0
       0
       0
       0
       0
       0
       0
       0
       0
       0
       0
       0
       0
       2
      24
     954
   25385
   24985
   21178
   21069
   22209
   23997
   25134
   26450
   27263
   27200
   27414
   26669
   26203
   26343
   25670
   25427
   24981
   24669
   25122
   24575
   23785
   23910
   23836
   23451
   23519
   23242
   23388
   22890
   22969
   22927
   22297
   22510
   22497
   22298
   22288
   22020
   22004
   21852
   22026
   21757
   21663
   21516
   21380
   21378
   21108
   21273
   20805
   20901
   20676
   20872
   20815
   20711
   20764
   20608
   20518
   20636
   20417
   20323
   20149
   20160
   20140
   20012
   20209
   19968
   19852
   19867
   19717
   19604
   19801
   19746
   19609
   19532
   19336
   19485
   19295
   19486
   19399
   19408
   19085
   19139
   19256
   19122
   19515
   19201
   19220
   19073
   19201
   18984
   18793
   18902
   18525
   18824
   18951
   18914
   18699
   18712
   19081
   19208
   19992
   21329
   21949
   20634
   19626
   19239
   18838
   18938
   18825
   18695
   18784
   18701
   18952
   18739
   18856
   18717
   19063
   18916
   19029
   18946
   19104
   19044
   19164
   19710
   19501
   19941
   19939
   20461
   20189
   20398
   20892
   21044
   21012
   21363
   21634
   21844
   22284
   22304
   22528
   22587
   22459
   22552
   22360
   22746
   22810
   22671
   22963
   22687
   22377
   22695
   22563
   22702
   22581
   22947
   23563
   23769
   24094
   23631
   23881
   23953
   25286
   26405
   26183
   25513
   25883
   26244
   27355
   28279
   27931
   28446
   29463
   32103
   40307
   57278
   74061
  102164
  215513
  414131
  471839
  293446
  110471
   39550
   23207
   20520
   20556
   20574
   20797
   21092
   21265
   21213
   21103
   20491
   20961
   21242
   21776
   21684
   21434
   20834
   21104
   21075
   21430
   21396
   21531
   21530
   21490
   21474
   21490
   21441
   21848
   22471
   22381
   22433
   22405
   22140
   22031
   22165
   22105
   22122
   21920
   22285
   22220
   22246
   22076
   22616
   22331
   22703
   22596
   22843
   23103
   22802
   22994
   23138
   22904
   23283
   23201
   23291
   23088
   23109
   23247
   23321
   23575
   23483
   23531
   23704
   23855
   23799
   23902
   23779
   23833
   23912
   23815
   24104
   24030
   23897
   24268
   24232
   24139
   24110
   24113
   24331
   24380
   24370
   24380
   23826
   24073
   24546
   24648
   24386
   24534
   24387
   24475
   24670
   24910
   24833
   24870
   24594
   24720
   24860
   24618
   24806
   24850
   24563
   24993
   24990
   24711
   24971
   24827
   24937
   24918
   25512
   25411
   25097
   25096
   24895
   25042
   25374
   25327
   25007
   24884
   25131
   24985
   25511
   24975
   25408
   25475
   25381
   25501
   25458
   25464
   26072
   25963
   25705
   25503
   25414
   25680
   25769
   26002
   25616
   26041
   25873
   25942
   25807
   25848
   25841
   25887
   26013
   26416
   26001
   26336
   26412
   26256
   26396
   26326
   26381
   26733
   27076
   26730
   27795
   27853
   28100
   27629
   27114
   26950
   26594
   26799
   26844
   26807
   26769
   26928
   26779
   27017
   26687
   26749
   26783
   26798
   26657
   26822
   26922
   27060
   27577
   27615
   27639
   28211
   28354
   29022
   28506
   28708
   28576
   28266
   28442
   28756
   28356
   28347
   27978
   28082
   28109
   28341
   28273
   28118
   28282
   28170
   27955
   27625
   27528
   27553
   27589
   27616
   27325
   27295
   27515
   27820
   27711
   27879
   30613
   36528
   42912
   42996
   35736
   29635
   27476
   26917
   26658
   26608
   26437
   26083
   25744
   25990
   25807
   25715
   25621
   25678
   25364
   25382
   25498
   25317
   25380
   25458
   25140
   25235
   25318
   25217
   25194
   24627
   24741
   24548
   24757
   24895
   24792
   24801
   24913
   24796
   24745
   24804
   24955
   25241
   24932
   24728
   24802
   24616
   24567
   24327
   24705
   24259
   24568
   24410
   24588
   24610
   24246
   24428
   24439
   24241
   24500
   24124
   24349
   24139
   24242
   24216
   24328
   24106
   24525
   24294
   24386
   24406
   25214
   25565
   25610
   25283
   24358
   24384
   24293
   23797
   23876
   23772
   23897
   23739
   23758
   23608
   23878
   23371
   23337
   23342
   23812
   23287
   23627
   23599
   23582
   23535
   23385
   23548
   23400
   23335
   23267
   23511
   23240
   23400
   23118
   23347
   23482
   24345
   23963
   23673
   23304
   23302
   23116
   22693
   22702
   22781
   22385
   22443
   22668
   22420
   22401
   22167
   22083
   22129
   21508
   21657
   21366
   20974
   21040
   20835
   20649
   20171
   20252
   20084
   19657
   19511
   19679
   19918
   19677
   18961
   18435
   18209
   18073
   17654
   17889
   17649
   17402
   17085
   17100
   17259
   17057
   16613
   16789
   16760
   16873
   16554
   16382
   16531
   16393
   16315
   16116
   16209
   16119
   16142
   15749
   16158
   15638
   15965
   15819
   15691
   15537
   15599
   16110
   17084
   20713
   25077
   25745
   21962
   17903
   15931
   14955
   14959
   14997
   14995
   14781
   14847
   14974
   14766
   14469
   14380
   14492
   14276
   14161
   14259
   13987
   13997
   14099
   13863
   13858
   13689
   13603
   13418
   13651
   13338
   13234
   13423
   13291
   13654
   13226
   13199
   13377
   13220
   13084
   12971
   13242
   14295
   17633
   21503
   23256
   19647
   15221
   13133
   12753
   12995
   13342
   13802
   13805
   14084
   13201
   12599
   12122
   12044
   11948
   11539
   11669
   11627
   11528
   11576
   11421
   11510
   11487
   11400
   11534
   11138
   11287
   11140
   11375
   11378
   11241
   11297
   11180
   11388
   11002
   10939
   10864
   11133
   11062
   11233
   11224
   11140
   10860
   10596
   10651
   10687
   10815
   10966
   10473
   10616
   10418
   10580
   10421
   10669
   10549
   10532
   10501
   10432
   10611
   10350
   10305
   10193
   10254
   10157
   10305
   10100
   10062
   10073
    9842
   10107
    9940
   10126
    9924
   10051
   10014
    9859
   10166
    9840
    9892
   10033
   10005
    9661
    9971
   10056
   10392
   10586
   10767
   10577
   10133
   10062
    9852
    9651
    9654
    9772
    9732
    9798
    9884
    9979
   10675
   13996
   27914
   66181
  124968
  155632
  121687
   63123
   25990
   13071
    9827
    9096
    8948
    8912
    8766
    8774
    8850
    8832
    8773
    8677
    8644
    8831
    8697
    8737
    8653
    8772
    8679
    8613
    8604
    8669
    8617
    8704
    8749
    8761
    8522
    8664
    8664
    8682
    8724
    8879
    8536
    8459
    8622
    8676
    8544
    8583
    8603
    8637
    8534
    8547
    8270
    8465
    8518
    8833
    9619
   11098
   12619
   12658
   10903
    9314
    8777
    8620
    8506
    8659
    8485
    8694
    8492
    8635
    8895
    9371
    9532
    9668
   10375
   15562
   39412
  111670
  243386
  348363
  313684
  179216
   68775
   22385
    9873
    7537
    7182
    7010
    7100
    7082
    6983
    6830
    6868
    7135
    6780
    6991
    6928
    6954
    6831
    6941
    7036
    6775
    6797
    6875
    6872
    6964
    6864
    6776
    6655
    6860
    6863
    6868
    6729
    6755
    6732
    6739
    6708
    6705
    6590
    6692
    6538
    6717
    6646
    6657
    6607
    6549
    6564
    6622
    6565
    6636
    6524
    6513
    6553
    6711
    6619
    6633
    6477
    6627
    6571
    6608
    6551
    6695
    6631
    6632
    6641
    6589
    6784
    7041
    7174
    6991
    6733
    6543
    6455
    6460
    6415
    6210
    6254
    6359
    6588
    6491
    6475
    6400
    6504
    6225
    6418
    6344
    6178
    6428
    6181
    6372
    6179
    6344
    6179
    6511
    7158
    8070
    8662
    8374
    7187
    6777
    6281
    6400
    6142
    6214
    6304
    6264
    6264
    6267
    6067
    6102
    6139
    6171
    6251
    6174
    6069
    6206
    6209
    6110
    6138
    6260
    6304
    6001
    6084
    6235
    6155
    6201
    6251
    6185
    6236
    6555
    7138
    8593
   11761
   14130
   14150
   11257
    8941
    7583
    7981
   10409
   23313
   78297
  253373
  603969
  956541
  974431
  640488
  274177
   82152
   20391
    6394
    3924
    3408
    3348
    3415
    3329
    3234
    3328
    3216
    3136
    3162
    3064
    3192
    3111
    3128
    3095
    3032
    3096
    3056
    3111
    3087
    3102
    3278
    3093
    3158
    2970
    3068
    3005
    3050
    3049
    3052
    3090
    3013
    3077
    2962
    2901
    3058
    2950
    2916
    2990
    2988
    2978
    2991
    2971
    3020
    3019
    2896
    2921
    3005
    2959
    3021
    2925
    2946
    2984
    2988
    2899
    2925
    2860
    2945
    2890
    2948
    2963
    2975
    3056
    2991
    3518
    5243
   12715
   35977
   81166
  128879
  135601
   92288
   42800
   14820
    5439
    3004
    2575
    2629
    2577
    2553
    2407
    2539
    2568
    2552
    2528
    2497
    2451
    2405
    2358
    2468
    2454
    2458
    2424
    2483
    2462
    2389
    2395
    2321
    2408
    2463
    2431
    2351
    2378
    2397
    2358
    2453
    2377
    2478
    2385
    2270
    2422
    2342
    2287
    2341
    2370
    2292
    2340
    2300
    2342
    2477
    2331
    2301
    2357
    2288
    2269
    2264
    2277
    2364
    2324
    2302
    2279
    2342
    2248
    2268
    2284
    2237
    2266
    2403
    2473
    2601
    2700
    2446
    2311
    2201
    2271
    2252
    2246
    2219
    2201
    2156
    2221
    2237
    2217
    2171
    2173
    2135
    2123
    2146
    2157
    2220
    2128
    2253
    2233
    2180
    2175
    2128
    2104
    2187
    2116
    2126
    2169
    2129
    2155
    2148
    2072
    2057
    2178
    2108
    2150
    2167
    2072
    2144
    2138
    2117
    2072
    2078
    2198
    2149
    2073
    2086
    2049
    2079
    2025
    2053
    2196
    2006
    2065
    2047
    2007
    2053
    2118
    2071
    2042
    2051
    1963
    2082
    2045
    2082
    2074
    1899
    2041
    2101
    2203
    2538
    2705
    2893
    2613
    2355
    2159
    2126
    2194
    2083
    2018
    2030
    1979
    1937
    1877
    1928
    1985
    1893
    1852
    1940
    1957
    1962
    1926
    1906
    1914
    1931
    1926
    1935
    1803
    1841
    1869
    1820
    1889
    1890
    1889
    1864
    1949
    1891
    1827
    1941
    1870
    1809
    1831
    1865
    1868
    1883
    1944
    1893
    1890
    1916
    1895
    1860
    1871
    1839
    1807
    1782
    1759
    1831
    1872
    1776
    1842
    1793
    1790
    1778
    1708
    1819
    1803
    1814
    1802
    1807
    1991
    2011
    2217
    2530
    2680
    2557
    2077
    1908
    1854
    1755
    1809
    1662
    1799
    1767
    1695
    1785
    1797
    1793
    1660
    1701
    1791
    1656
    1823
    1770
    1858
    1775
    1737
    1773
    1775
    1797
    1753
    1838
    1774
    1767
    1803
    1787
    1810
    1798
    1764
    1777
    1793
    1679
    1790
    1755
    1739
    1893
    1831
    1778
    1743
    1774
    1762
    1901
    1730
    1729
    1745
    1720
    1765
    1724
    1727
    1681
    1666
    1600
    1658
    1681
    1609
    1656
    1656
    1651
    1641
    1692
    1694
    1685
    1685
    1653
    1657
    1653
    1601
    1601
    1579
    1613
    1520
    1644
    1619
    1588
    1663
    1614
    1684
    1672
    1615
    1620
    1599
    1638
    1553
    1569
    1549
    1495
    1527
    1508
    1605
    1595
    1608
    1587
    1611
    1706
    1809
    1810
    1770
    1679
    1524
    1550
    1562
    1538
    1519
    1552
    1554
    1652
    1637
    1507
    1528
    1531
    1587
    1570
    1574
    1566
    1562
    1594
    1672
    1746
    1901
    2084
    2467
    2872
    3356
    4263
    4810
    4959
    4394
    3528
    3016
    2504
    2196
    1918
    1808
    1611
    1571
    1590
    1503
    1450
    1498
    1526
    1491
    1432
    1542
    1525
    1466
    1479
    1527
    1438
    1497
    1529
    1440
    1472
    1464
    1452
    1498
    1389
    1432
    1437
    1427
    1466
    1456
    1484
    1410
    1366
    1406
    1395
    1471
    1469
    1407
    1480
    1418
    1446
    1359
    1459
    1422
    1385
    1392
    1398
    1367
    1422
    1340
    1417
    1447
    1362
    1411
    1411
    1424
    1464
    1382
    1371
    1410
    1381
    1426
    1490
    1446
    1376
    1399
    1427
    1349
    1358
    1391
    1345
    1310
    1381
    1383
    1406
    1305
    1417
    1347
    1379
    1405
    1403
    1360
    1343
    1358
    1425
    1369
    1385
    1385
    1336
    1322
    1435
    1385
    1345
    1370
    1331
    1387
    1321
    1347
    1282
    1349
    1411
    1405
    1340
    1271
    1368
    1242
    1330
    1290
    1351
    1317
    1308
    1281
    1373
    1309
    1292
    1241
    1364
    1307
    1301
    1293
    1307
    1302
    1301
    1350
    1326
    1314
    1266
    1371
    1297
    1266
    1291
    1330
    1285
    1450
    1427
    1419
    1405
    1361
    1297
    1242
    1274
    1258
    1301
    1335
    1296
    1255
    1270
    1281
    1312
    1252
    1233
    1243
    1294
    1283
    1323
    1312
    1307
    1288
    1304
    1279
    1301
    1342
    1228
    1261
    1325
    1288
    1295
    1291
    1322
    1305
    1306
    1263
    1286
    1230
    1307
    1250
    1301
    1295
    1244
    1240
    1282
    1221
    1331
    1313
    1279
    1304
    1317
    1518
    2097
    3389
    5346
    6517
    6201
    4413
    2730
    1706
    1299
    1186
    1234
    1193
    1212
    1205
    1143
    1180
    1147
    1177
    1177
    1196
    1229
    1185
    1233
    1167
    1185
    1163
    1128
    1213
    1145
    1116
    1201
    1154
    1166
    1192
    1121
    1293
    1514
    1698
    1827
    1767
    1549
    1287
    1269
    1154
    1200
    1180
    1184
    1139
    1217
    1231
    1211
    1217
    1162
    1130
    1132
    1125
    1131
    1143
    1217
    1150
    1169
    1164
    1130
    1166
    1134
    1126
    1158
    1143
    1184
    1181
    1379
    1996
    3529
    5991
    8191
    8519
    6934
    4184
    2289
    1362
    1107
    1067
    1102
    1098
    1094
    1022
    1089
     999
    1113
    1123
    1123
    1100
    1070
    1142
    1101
    1093
    1048
    1124
    1029
    1050
    1014
    1085
    1052
    1084
    1112
    1113
    1071
    1030
    1046
     996
    1050
     997
    1096
    1098
    1084
    1047
    1110
    1058
    1079
    1015
    1057
    1088
    1060
    1096
    1069
    1013
    1046
    1008
    1016
     993
    1092
    1102
    1072
    1030
    1011
    1063
    1033
    1011
    1017
    1050
    1036
    1028
    1040
    1013
    1004
    1037
    1026
    1031
    1060
    1047
     993
    1054
    1001
    1004
    1032
    1009
    1049
    1044
    1032
    1009
    1067
    1048
     979
    1006
     986
    1020
    1022
    1056
    1008
     998
    1014
     975
    1039
     994
     998
    1033
     984
     973
    1007
    1009
     994
     980
    1035
    1039
    1040
    1041
    1017
    1039
    1058
    1046
    1062
    1053
    1047
     990
    1003
     958
    1017
     986
     938
     997
    1017
     940
     963
    1003
     987
    1001
    1001
     951
    1004
     989
     985
     965
     971
    1004
    1047
    1117
    1184
    1346
    1341
    1263
    1092
    1016
     989
    1001
    1036
    1059
    1093
    1092
    1294
    1165
    1102
    1043
    1028
    1015
     964
    1001
     950
     930
     947
     938
     972
     963
     952
     937
     986
     997
     940
     912
     901
     979
    1022
     976
     991
     983
    1003
     979
     980
     979
     913
     960
     990
     909
     972
     863
     959
     987
     957
     965
     912
     952
     947
     932
     990
     922
     894
     964
     986
     955
     965
     999
     934
     910
     910
     875
     887
     989
     910
     938
     934
     955
     919
     994
     968
     877
     901
     938
     997
     931
     975
    1044
    1051
     984
     991
     893
     929
     959
     925
     925
     903
     926
     985
     973
     875
     919
     952
     941
     917
     930
     919
     961
     907
     900
     880
     973
     890
     954
     944
     909
     967
    1050
    1010
    1014
     969
     954
     885
     973
     925
     912
     916
     959
     914
     958
     973
    1022
    1014
    1082
     993
     985
     923
     934
     949
     945
     894
     876
     884
     923
     972
     858
     906
     862
     900
     876
     844
     880
     905
     845
     883
     894
     860
     835
     852
     871
     884
     875
     877
     885
     881
     948
     894
     924
     898
     868
     906
     859
     931
     860
     863
     911
     858
     902
     901
     926
     922
     943
    1175
    1461
    1913
    2051
    1862
    1510
    1161
     898
     850
     880
     880
     806
     852
     828
     870
     844
     810
     848
     880
     833
     854
     846
     832
     845
     868
     865
     862
     811
     803
     842
     873
     880
     860
     889
     881
     821
     889
     859
     861
     879
     826
     861
     877
     883
     809
     883
     910
     856
     901
     760
     857
     833
     796
     831
     803
     807
     826
     852
     856
     817
     837
     858
     783
     845
     815
     809
     806
     830
     809
     812
     849
     814
     860
     860
     806
     836
     826
     883
     916
     898
    1053
     993
     850
     834
     832
     802
     793
     793
     783
     779
     789
     739
     830
     798
     793
     801
     821
     831
     775
     844
     941
     954
     939
     844
     862
     806
     842
     838
     800
     820
     884
     881
     950
    1176
    1360
    1509
    1424
    1221
    1052
     927
     847
     861
     829
     900
     842
     988
    1030
     991
     941
     842
     846
     779
     767
     773
     750
     730
     750
     740
     742
     780
     781
     763
     804
     784
     796
     766
     772
     776
     737
     775
     796
     799
     830
     867
     798
     777
     786
     763
     767
     826
     894
    1000
    1047
    1063
    1039
     900
     833
     827
     754
     874
     902
     958
     946
     873
     804
     757
     738
     801
     788
     738
     766
     796
     738
     776
     817
     930
    1171
    1309
    1381
    1285
    1071
     881
     823
     747
     743
     765
     727
     722
     708
     693
     753
     726
     758
     686
     746
     727
     746
     736
     694
     792
     744
     698
     741
     746
     751
     739
     854
     888
     842
     893
     862
     800
     762
     801
     780
     763
     743
     733
     722
     726
     739
     777
     651
     727
     729
     664
     710
     713
     750
     731
     753
     701
     699
     752
     750
     708
     715
     716
     739
     664
     691
     713
     759
     722
     716
     711
     729
     710
     795
     699
     692
     691
     708
     729
     666
     677
     665
     708
     712
     681
     708
     769
     729
     726
     760
     741
     746
     729
     688
     695
     722
     700
     733
     759
     800
     827
     835
     793
     784
     747
     733
     729
     741
     724
     730
     738
     764
     839
     993
     949
     910
     856
     821
     719
     763
     724
     745
     777
     824
     780
     855
     864
     873
     792
     802
     737
     686
     682
     671
     667
     641
     733
     678
     684
     733
     708
     714
     759
     766
     797
     809
     787
     725
     693
     704
     733
     608
     676
     675
     690
     673
     631
     698
     673
     712
     697
     679
     712
     643
     662
     698
     711
     654
     593
     709
     639
     679
     741
     694
     685
     672
     678
     691
     715
     841
    1071
    1197
    1341
    1293
    1095
     850
     730
     683
     694
     675
     654
     657
     659
     684
     653
     703
     685
     702
     655
     711
     736
     781
     782
     810
     777
     782
     748
     727
     710
     745
     652
     704
     716
     635
     685
     661
     694
     686
     667
     655
     668
     654
     670
     671
     699
     685
     707
     665
     667
     675
     615
     680
     658
     622
     686
     649
     682
     672
     675
     710
     677
     673
     696
     664
     637
     644
     687
     679
     670
     674
     631
     669
     655
     664
     645
     598
     645
     641
     650
     657
     665
     662
     691
     634
     628
     633
     708
     645
     628
     725
     650
     673
     686
     741
     681
     624
     629
     691
     667
     589
     640
     618
     730
     641
     653
     663
     700
     748
     599
     657
     600
     636
     676
     664
     655
     617
     684
     656
     649
     744
     789
     755
     696
     676
     657
     729
     650
     704
     635
     610
     658
     667
     625
     682
     712
     728
    1011
    1416
    2365
    3381
    4366
    4334
    3453
    2353
    1423
     953
     724
     669
     620
     648
     618
     655
     668
     605
     680
     608
     600
     606
     623
     637
     639
     609
     633
     645
     655
     632
     617
     611
     633
     626
     651
     586
     629
     595
     607
     586
     614
     620
     574
     630
     637
     610
     631
     656
     597
     666
     642
     559
     623
     568
     610
     613
     611
     594
     590
     642
     626
     617
     613
     681
     759
     821
     942
    1045
     952
     873
     774
     679
     597
     579
     622
     604
     626
     587
     590
     589
     679
     559
     600
     593
     600
     599
     619
     589
     650
     602
     603
     576
     631
     636
     684
     655
     619
     629
     593
     618
     617
     613
     625
     599
     602
     689
     668
     719
     700
     753
     764
     779
     727
     731
     681
     695
     634
     587
     631
     675
     579
     572
     604
     612
     581
     565
     628
     597
     617
     560
     599
     644
     619
     654
     652
     600
     626
     629
     602
     624
     642
     664
     635
     616
     588
     628
     661
     730
     894
    1067
    1282
    1337
    1223
    1029
     783
     704
     692
     708
     790
    1176
    1760
    2452
    2819
    2747
    2186
    1518
    1056
     764
     657
     566
     584
     564
     590
     540
     596
     575
     570
     569
     556
     579
     600
     601
     577
     584
     578
     567
     559
     573
     584
     561
     546
     544
     562
     557
     596
     559
     565
     604
     597
     593
     564
     591
     545
     574
     584
     591
     577
     593
     621
     595
     536
     575
     553
     619
     600
     596
     601
     610
     566
     555
     577
     604
     581
     545
     561
     619
     530
     553
     598
     538
     555
     574
     611
     578
     553
     571
     562
     544
     587
     543
     533
     557
     597
     594
     573
     582
     569
     611
     723
     681
     645
     704
     598
     616
     585
     560
     551
     553
     586
     615
     573
     577
     561
     535
     583
     566
     589
     581
     578
     588
     573
     548
     542
     566
     562
     518
     575
     583
     546
     573
     570
     542
     606
     598
     570
     585
     580
     581
     581
     526
     531
     548
     601
     572
     584
     529
     582
     600
     561
     590
     594
     560
     587
     588
     577
     608
     555
     569
     568
     577
     580
     547
     520
     534
     559
     585
     572
     564
     576
     579
     593
     560
     540
     563
     537
     509
     558
     571
     556
     598
     591
     595
     558
     566
     582
     566
     605
     596
     588
     620
     560
     591
     595
     589
     537
     550
     572
     538
     603
     546
     560
     559
     563
     566
     553
     574
     594
     548
     570
     557
     548
     594
     559
     563
     595
     559
     514
     570
     553
     586
     542
     526
     541
     555
     592
     554
     538
     525
     555
     555
     524
     536
     556
     580
     567
     600
     597
     604
     567
     626
     652
     577
     554
     577
     593
     543
     527
     525
     626
     543
     565
     544
     572
     537
     558
     578
     566
     536
     584
     507
     540
     566
     557
     565
     567
     596
     553
     581
     541
     530
     566
     569
     521
     566
     586
     595
     576
     542
     565
     582
     554
     536
     557
     570
     529
     544
     574
     576
     659
     576
     602
     569
     547
     514
     580
     535
     545
     534
     578
     591
     551
     583
     558
     587
     538
     553
     550
     543
     592
     571
     617
     611
     632
     584
     614
     592
     560
     574
     527
     527
     599
     581
     528
     558
     581
     564
     587
     534
     577
     535
     550
     528
     574
     573
     544
     529
     573
     569
     527
     595
     591
     579
     565
     582
     552
     590
     521
     542
     514
     529
     584
     619
     571
     564
     589
     560
     632
     604
     625
     595
     642
     593
     593
     602
     639
     581
     582
     576
     557
     579
     584
     604
     564
     557
     590
     586
     584
     555
     605
     569
     587
     562
     560
     520
     600
     590
     575
     578
     580
     554
     581
     525
     573
     563
     616
     603
     542
     596
     621
     619
     603
     597
     556
     605
     589
     592
     565
     560
     587
     509
     559
     600
     601
     605
     582
     589
     542
     568
     591
     588
     580
     691
     984
    1353
    1929
    2287
    2504
    2249
    1762
    1219
     793
     671
     602
     525
     579
     531
     530
     553
     572
     593
     566
     592
     561
     576
     560
     540
     614
     551
     598
     591
     577
     574
     587
     555
     565
     583
     577
     580
     565
     544
     602
     619
     602
     593
     610
     629
     543
     583
     535
     531
     589
     575
     565
     575
     590
     618
     612
     612
     566
     621
     549
     542
     577
     577
     584
     572
     562
     573
     569
     573
     540
     589
     556
     561
     611
     550
     542
     546
     558
     574
     576
     583
     610
     594
     583
     552
     610
     563
     569
     580
     574
     588
     595
     577
     561
     602
     600
     644
     694
     709
     714
     781
     790
     732
     687
     602
     551
     581
     598
     653
     609
     598
     583
     558
     543
     554
     621
     571
     610
     574
     557
     573
     582
     590
     606
     626
     646
     604
     633
     641
     624
     599
     589
     564
     590
     552
     548
     574
     570
     573
     616
     581
     552
     605
     602
     603
     670
     678
     693
     780
     745
     820
     751
     673
     688
     648
     603
     601
     559
     566
     587
     583
     579
     629
     617
     591
     580
     566
     594
     601
     601
     611
     583
     612
     607
     595
     578
     606
     648
     611
     577
     609
     595
     598
     597
     569
     611
     617
     611
     557
     624
     609
     592
     559
     585
     588
     616
     586
     562
     620
     590
     589
     545
     603
     567
     598
     584
     563
     589
     597
     589
     625
     641
     572
     600
     652
     606
     649
     607
     628
     607
     606
     644
     626
     589
     601
     602
     575
     621
     647
     647
     638
     622
     652
     663
     700
     644
     685
     652
     654
     624
     636
     666
     678
     643
     678
     634
     651
     640
     642
     635
     604
     620
     614
     600
     658
     596
     676
     599
     631
     609
     642
     622
     634
     645
     638
     598
     648
     603
     607
     617
     686
     632
     617
     648
     670
     657
     614
     641
     670
     594
     647
     632
     639
     649
     651
     617
     629
     602
     635
     617
     628
     654
     628
     612
     592
     668
     624
     622
     633
     627
     597
     649
     623
     654
     638
     639
     632
     626
     646
     638
     609
     649
     656
     630
     656
     613
     609
     595
     625
     603
     680
     659
     708
     784
     986
    1045
    1230
    1362
    1222
     984
     878
     747
     662
     615
     624
     574
     593
     562
     616
     570
     587
     556
     576
     571
     561
     596
     564
     548
     579
     582
     531
     558
     547
     588
     514
     537
     512
     518
     483
     493
     540
     469
     459
     522
     541
     502
     484
     536
     508
     547
     500
     517
     499
     499
     488
     487
     451
     472
     481
     466
     491
     456
     453
     453
     423
     467
     494
     446
     487
     476
     506
     474
     490
     491
     433
     474
     461
     451
     464
     433
     429
     488
     439
     447
     490
     418
     460
     426
     453
     431
     453
     456
     419
     437
     415
     391
     449
     460
     439
     427
     439
     484
     486
     456
     496
     440
     440
     420
     419
     421
     439
     400
     436
     375
     449
     402
     379
     407
     407
     472
     467
     496
     522
     582
     564
     593
     537
     489
     420
     439
     420
     381
     400
     382
     367
     415
     374
     418
     391
     416
     420
     423
     431
     427
     405
     405
     398
     391
     369
     411
     386
     394
     370
     430
     391
     381
     399
     437
     441
     413
     413
     433
     389
     364
     350
     425
     359
     407
     413
     406
     396
     445
     448
     394
     413
     419
     384
     393
     390
     369
     384
     373
     379
     376
     392
     390
     403
     332
     408
     354
     367
     358
     388
     371
     350
     340
     332
     390
     367
     357
     350
     353
     365
     383
     375
     356
     374
     359
     338
     361
     371
     357
     347
     355
     325
     339
     359
     342
     347
     356
     334
     335
     363
     363
     299
     335
     287
     344
     307
     370
     351
     355
     316
     360
     327
     324
     323
     303
     346
     321
     335
     353
     343
     323
     331
     307
     319
     324
     358
     337
     333
     301
     341
     309
     324
     337
     297
     295
     284
     321
     364
     378
     397
     432
     507
     510
     473
     413
     348
     331
     311
     318
     308
     304
     282
     279
     293
     322
     310
     289
     295
     295
     299
     282
     300
     304
     301
     288
     283
     292
     299
     317
     269
     273
     313
     281
     302
     298
     267
     257
     300
     290
     285
     261
     257
     257
     292
     266
     298
     263
     286
     265
     272
     268
     276
     282
     288
     289
     262
     270
     286
     258
     283
     270
     253
     265
     295
     240
     274
     262
     262
     268
     280
     251
     265
     267
     271
     272
     291
     278
     251
     260
     290
     265
     276
     262
     269
     252
     249
     253
     229
     239
     262
     253
     255
     262
     262
     243
     227
     267
     281
     289
     282
     248
     262
     278
     275
     267
     216
     257
     239
     231
     236
     281
     232
     215
     247
     224
     279
     251
     232
     258
     283
     272
     360
     431
     574
     688
     687
     677
     599
     482
     340
     304
     277
     253
     250
     260
     261
     233
     229
     264
     235
     250
     204
     241
     295
     269
     302
     348
     324
     301
     293
     251
     238
     231
     245
     228
     209
     239
     249
     210
     217
     244
     232
     208
     225
     233
     238
     260
     227
     223
     213
     222
     207
     211
     204
     221
     223
     214
     237
     241
     222
     219
     223
     231
     198
     219
     231
     242
     322
     344
     377
     388
     364
     361
     296
     289
     253
     220
     226
     227
     217
     249
     236
     229
     266
     269
     350
     422
     455
     465
     462
     383
     332
     268
     241
     210
     250
     232
     209
     213
     216
     209
     215
     232
     225
     220
     218
     219
     253
     200
     244
     210
     232
     201
     214
     206
     202
     212
     222
     232
     189
     230
     237
     210
     248
     220
     227
     230
     221
     211
     233
     236
     249
     229
     216
     226
     219
     228
     220
     231
     220
     234
     220
     204
     185
     222
     246
     217
     245
     229
     227
     247
     238
     197
     193
     225
     228
     215
     204
     242
     257
     253
     346
     373
     394
     404
     403
     319
     292
     255
     232
     233
     200
     219
     215
     212
     206
     226
     210
     218
     223
     213
     234
     219
     215
     227
     216
     225
     215
     184
     200
     228
     206
     205
     209
     211
     206
     233
     214
     255
     228
     183
     234
     202
     238
     221
     226
     212
     223
     217
     218
     238
     206
     215
     241
     228
     235
     219
     272
     237
     237
     279
     267
     286
     301
     428
     747
    1516
    3156
    6395
   11526
   18157
   24646
   28256
   26567
   21298
   14349
    7859
    3741
    1520
     619
     281
     268
     179
     149
     162
     122
     104
     124
     132
     119
     130
     137
     118
     106
     131
     120
     122
     132
     123
     131
     153
     128
     143
     160
     135
     127
     130
     129
     117
     131
     143
     129
     129
     127
     144
     114
     142
     137
     127
     131
     148
     133
     136
     155
     134
     121
     139
     133
     136
     127
     111
     114
     101
     126
     127
     138
     123
     122
     122
     140
     133
     131
     123
     109
     115
     130
     123
     117
     128
     133
     129
     146
     143
     127
     129
     130
     136
     125
     126
     105
     110
     113
     131
     149
     157
     150
     180
     223
     224
     202
     209
     168
     157
     122
     119
     128
     129
     104
     150
     122
     135
     173
     161
     181
     160
     156
     151
     140
     128
     128
     126
     121
     125
     137
     131
     123
     128
     126
     129
     140
     177
     215
     256
     312
     345
     384
     312
     243
     171
     152
     141
     163
     136
     158
     167
     155
     141
     147
     139
     142
     134
     138
     125
     122
     119
      97
     126
     113
     109
     121
     134
     125
     113
     109
     100
     106
     111
     103
     121
     121
     119
     118
     105
     112
     113
     113
     115
     126
     109
     125
     125
     101
     109
     123
     106
     124
     124
     112
     116
     124
     123
     134
     133
     123
     124
     108
     123
     137
     113
     106
     105
     118
     112
     130
     113
     131
     112
     117
     143
     126
     132
     123
     138
     131
     170
     159
     179
     154
     135
     126
     133
     135
     110
     135
     100
     136
     143
     151
     163
     152
     114
     124
     125
     110
      98
     118
     114
     116
     110
      95
     121
     117
     123
      98
      97
      96
     109
      94
     118
     108
     128
     112
     108
      92
     109
     105
     106
     109
     101
     103
     105
     119
     109
     123
     139
     103
     116
     105
     114
     118
     108
     119
     120
     123
     104
     105
     101
     112
      90
     107
     110
     109
     103
     115
      95
     112
      94
     112
     123
     106
     101
      94
      98
     111
     107
     108
     108
     118
     111
     111
     124
     100
     120
     111
      84
     103
     110
     106
     107
     108
     108
     107
      89
      95
      94
      96
     112
      97
     120
      91
      83
      94
      90
     109
      99
     124
     135
     140
     163
     192
     155
     167
     156
     142
     142
     169
     171
     179
     158
     140
     127
     148
     111
     132
     121
     145
     197
     272
     322
     390
     432
     418
     376
     262
     211
     173
     131
     154
     153
     222
     261
     320
     322
     291
     264
     229
     169
     152
     152
     142
     105
     113
     130
     100
     102
     103
      94
     117
     133
     151
     160
     142
     127
     125
     111
      97
     102
     107
     110
     115
      95
     109
      97
     113
      98
      89
      88
      83
     100
     112
     121
      95
     105
     102
     113
      97
      96
     109
     100
      92
     109
      82
     103
     101
     124
     114
     171
     158
     142
     158
     127
     112
      99
     108
     105
      95
     108
     108
      88
      96
      95
      92
      94
     112
     137
     140
     160
     221
     220
     261
     252
     189
     182
     136
     107
     106
      94
     100
     117
     118
     134
     111
     112
     116
     107
      96
     119
      75
     109
     100
      99
     125
     151
     145
     200
     251
     300
     272
     211
     169
     155
     116
     109
      93
      90
      85
      94
     122
      81
      85
     107
      90
     111
     131
     119
     150
     150
     141
     154
     129
     121
     110
      85
      86
     117
      91
      89
      92
     102
      94
      76
      93
      85
      72
      89
      86
      82
     111
      83
      95
      95
      94
      83
      81
     101
      79
      97
      77
      92
      88
      85
      79
      85
      95
      90
      94
      82
      80
     100
      86
      77
      85
      89
      76
      93
      74
      98
      90
      75
      89
     103
     101
      96
      84
     105
     113
     113
     151
     160
     176
     191
     182
     171
     121
     118
      98
      87
      78
      83
     105
      99
      92
      99
      99
      99
      88
      94
      96
      91
      94
     101
      78
      86
      88
      87
      84
      97
      82
      78
      84
      89
      93
      89
      91
      76
      96
      93
      78
      79
      86
      82
      88
      83
     115
      79
      87
      85
      85
      88
      76
      75
     102
      99
      86
      80
      86
      87
      72
      89
     105
      97
     112
      99
     134
     105
      95
      94
      96
      85
      83
      91
      83
      87
      81
      90
      93
      72
      87
      97
      86
      91
     106
      96
     106
     111
     117
      96
      94
      98
      97
     103
      95
     105
      88
      88
      72
     103
     102
      79
     104
      78
      87
     103
      94
      76
      90
      77
     111
      92
      83
      88
      87
      99
      86
     100
      98
      89
      89
      92
      68
      96
      81
      72
      81
      87
      80
      77
      80
      92
      97
      81
      97
      82
      85
      92
      79
      96
      92
     117
      89
      92
      92
      84
      83
      76
      79
      80
      66
      84
      92
      84
      81
      96
      83
      89
      75
      69
      90
      87
      93
      98
      88
      88
      74
      90
      84
      75
      81
      78
      72
      99
     104
     124
     117
     141
     137
     143
     120
     122
     109
      88
     104
     139
     204
     237
     288
     366
     387
     302
     265
     182
     131
     104
      99
      92
      79
      89
      76
      81
      83
      86
      74
      79
      94
      74
      73
      94
      84
      92
      85
      60
      70
      87
      83
      90
      76
      82
      85
      79
      67
      83
      76
      79
      80
      91
      73
      96
      73
      79
      93
      79
      81
      78
      89
     102
      82
      70
      88
      82
      74
      87
     102
      71
      68
      90
      73
      87
      82
      90
      86
      71
      83
      71
      80
      78
      75
      67
      83
      91
      72
      91
      91
      73
     101
      74
      91
      94
      77
      88
      80
      91
      70
     111
     108
     106
     117
     207
     338
     556
     829
    1152
    1353
    1584
    1434
    1171
     796
     536
     284
     163
     122
      94
      76
      80
      78
      70
      57
      83
      71
      76
      78
      89
      77
      67
      67
      79
      77
      83
      72
      78
      66
      58
      90
      76
      68
      80
      89
     115
     102
     152
     140
     192
     189
     211
     188
     156
     118
      96
      88
      63
      82
      73
      72
      71
      95
      76
      86
      86
      86
      73
      74
      81
      75
      81
      77
      58
      68
      65
      73
      86
      80
      74
      76
      66
      67
      72
      82
      75
      83
      66
      81
      73
      77
      81
      75
      93
      78
      79
      73
      85
      60
      80
      90
      75
      69
      87
      70
      76
      66
      72
      73
      71
      90
      76
      79
      76
      72
      66
      66
      77
      80
      78
      59
      71
      98
     100
      82
      79
      91
      73
      74
      81
      74
      95
      92
      88
      87
      93
      67
      77
      76
      84
      73
      70
      68
      67
      63
      77
      73
      75
      66
      94
      79
      85
      69
      69
      59
      74
      78
      69
      71
      78
      86
      69
      81
      82
      78
      62
      81
      59
      76
      85
      90
      73
      70
      75
      86
      74
      62
      73
      70
      87
      68
      76
      64
      82
      75
      74
      84
      53
      79
      98
      78
      90
      79
      58
      91
      65
      73
      94
      72
      77
      74
      79
      76
      71
      75
      81
      74
      83
      73
      93
     112
     104
      91
      90
     124
      84
      84
      88
      91
      93
      87
      83
      71
      70
      92
      69
      92
      76
      64
      74
      67
      77
      78
     100
     152
     189
     242
     238
     258
     257
     219
     164
     125
      97
     107
      63
      70
      74
      76
      64
      73
      71
      68
      66
      64
      71
      71
      67
      76
      65
      61
      71
      86
      67
      70
      60
      74
      76
      79
      78
      71
      69
      76
      82
      62
      78
      68
      66
      62
      75
      82
      79
      59
      56
      72
      77
      68
      62
      67
      75
      82
      67
      80
      62
      79
      71
      80
      76
      67
      79
      85
      79
      81
      79
      93
      89
      92
     114
     104
     107
     112
      84
      84
      71
      65
      74
      81
      70
      84
      81
      86
      63
      68
      66
      68
      78
      73
      96
      73
      85
      85
      70
      76
      80
      77
      85
      77
      70
      78
      86
      86
      75
      80
      87
      85
      77
      90
      95
      88
      70
      76
      77
      76
      75
      83
      91
      66
      90
      85
      87
      69
      81
      83
      79
      75
      75
      83
      87
      77
      87
      81
      92
      68
      91
      75
      77
      72
      88
      80
      81
      73
      84
      76
      73
      83
      78
      77
      90
      80
      72
      68
      73
      62
      65
      76
      79
      69
      78
      67
      74
      53
      78
      64
      80
      79
      73
      71
      79
      74
      82
      69
      70
      68
      74
      72
      98
      78
      78
      86
      75
      66
      80
      78
      72
      73
      77
      74
      80
      84
      77
      83
      78
      76
      77
      67
      80
      72
      88
      78
      73
      71
      68
      74
      87
      78
      83
      74
      72
      75
      69
      92
      74
      68
      79
      67
      73
      69
      81
      74
      70
      79
      73
      65
      87
      85
      74
      79
      76
      70
      65
      73
      84
      78
      73
      88
      74
      91
      78
      65
      76
      90
      97
      90
      95
      83
      73
      79
      75
      83
      80
      95
      79
      85
      99
     114
     109
     128
     134
     101
     116
      94
      92
      95
      85
      77
      88
      93
      75
      69
      66
      73
      73
      58
      77
      80
      80
      83
      87
      81
      95
     100
     110
      95
     100
      76
      70
      88
      81
      70
      88
      86
      68
      72
      65
      85
      73
      67
      84
      71
      70
      82
      70
      73
      68
      74
      84
      75
      69
      91
      81
      59
      73
      72
      86
      75
      67
      74
      78
      69
      61
      79
      90
      98
      87
      77
      81
      86
      76
      74
      70
      55
      77
      67
      66
      76
      87
      84
      73
      84
      90
      65
      84
      80
      73
      80
      90
      73
      66
      85
      62
      77
      74
      67
      65
      77
      64
      80
      84
      69
      58
      71
      71
      67
      59
      59
      78
      69
      58
      81
      79
      64
      80
      87
      80
      65
      61
      67
      56
      81
      88
      67
      70
      77
      65
      53
      64
      85
      82
      83
      77
      77
      67
      71
      55
      65
      65
      77
      68
      74
      70
      62
      79
      69
      78
      57
      59
      71
      64
      67
      79
      80
      62
      72
      72
      61
      80
      84
      75
      66
      86
      66
      69
      61
      78
      69
      68
      59
      78
      58
      65
      78
      67
      75
      59
      58
      70
      80
      76
      74
      67
      78
      53
      70
      91
      83
      75
      84
      72
      76
      71
      69
      58
      55
      69
      64
      81
      50
      68
      70
      77
      75
      64
      76
      60
      66
      57
      62
      66
      74
      73
      73
      76
      74
      74
      67
      68
      63
      81
      70
      63
      73
      72
      69
      68
      70
      55
      71
      55
      56
      54
      63
      67
      60
      76
      65
      63
      68
      67
      74
      60
      75
      76
      82
      90
      67
      74
      47
      59
      65
      64
      74
      66
      72
      75
      82
      64
      63
      74
      60
      59
      63
      49
      63
      70
      65
      71
      73
      57
      68
      59
      66
      51
      72
      66
      56
      69
      65
      62
      65
      72
      63
      67
      82
      67
      58
      80
      72
      70
      55
      86
      54
      74
      74
      74
      72
      71
      75
      68
      56
      77
      75
      65
      64
      75
      71
      59
      69
      63
      73
      54
      53
      65
      47
      66
      61
      54
      67
      83
      72
      64
      74
      67
      71
      67
      65
      75
      70
      61
      70
      80
      73
      60
      75
      63
      63
      64
      76
      64
      76
      75
      75
      60
      76
      80
      82
      70
      67
      68
      92
      51
      55
      71
      66
      48
      57
      72
      66
      65
      81
      81
      86
      69
      74
      72
      74
      62
      59
      80
      60
      61
      60
      72
      67
      59
      64
      65
      77
      61
      70
      74
      86
      56
      72
      79
      71
      74
      69
      60
      49
      73
      74
      64
      66
      65
      74
      59
      77
      74
      70
      76
      83
      71
      75
      72
      91
      74
      96
      79
      88
      98
      90
      88
      83
      71
      67
      68
      64
      59
      63
      71
      61
      56
      66
      75
      57
      85
      74
      77
      76
      83
     122
     136
     185
     231
     257
     310
     343
     350
     351
     325
     301
     228
     200
     156
     133
      99
      99
      83
      74
      69
      63
      73
      85
      60
      86
      72
      84
      76
      75
      75
      59
      63
      71
      71
      84
      80
      62
      80
      62
      68
      75
      74
      83
     111
      95
     127
     140
     139
     170
     146
     150
     111
      99
      92
      67
      56
      49
      73
      64
      74
      78
      65
      69
      58
      72
      72
      84
      71
      64
      57
      84
      70
      72
      71
      72
      65
      55
      72
      66
      69
      70
      67
      61
      56
      74
      69
      59
      73
      54
      66
      66
      63
      61
      64
      60
      64
      69
      68
      68
      55
      50
      66
      58
      74
      65
      70
      68
      58
      60
      60
      77
      72
      62
      68
      56
      64
      71
      59
      58
      66
      72
      68
      71
      67
      63
      68
      72
      63
      69
      69
      74
      58
      63
      69
      63
      82
      59
      74
      63
      75
      62
      71
      69
      65
      50
      63
      68
      75
      60
      60
      77
      62
      67
      52
      85
      57
      74
      76
      62
      56
      57
      79
      63
      66
      59
      67
      70
      62
      65
      61
      71
      60
      68
      68
      59
      69
      77
      62
      66
      73
      73
      63
      71
      82
      73
      80
      62
      66
      66
      78
      69
      68
      60
      70
      73
      54
      62
      63
      56
      65
      64
      55
      78
      79
      77
      71
      58
      64
      66
      78
      52
      69
      55
      65
      57
      66
      69
      72
      77
      63
      53
      81
      64
      78
      59
      62
      67
      84
      59
      83
      62
      58
      75
      73
      78
      49
      71
      64
      69
      66
      62
      53
      69
      63
      61
      73
      61
      59
      66
      65
      74
      66
      79
      70
      60
      69
      67
      66
      71
      60
      74
      56
      53
      74
      69
      50
      80
      61
      64
      71
      62
      62
      70
      42
      80
      99
     137
     168
     241
     296
     352
     431
     477
     463
     400
     307
     209
     172
     105
      85
      74
      90
      66
      66
      67
      66
      66
      71
      84
      61
      67
      64
      63
      69
      53
      66
      49
      54
      70
      80
      52
      72
      85
      63
      83
      66
      47
      58
      62
      60
      76
      84
      66
      69
      67
      62
      79
      83
      77
     105
     118
     185
     193
     231
     239
     239
     223
     175
     148
     104
      92
      82
      80
      65
      66
      63
      61
      54
      57
      75
      61
      62
      72
      71
      78
      61
      67
      50
      59
      68
      64
      70
      46
      64
      65
      62
      71
      72
      75
      72
      80
      56
      78
      72
      64
      71
      80
      71
      70
      66
      70
      78
      52
      62
      79
      69
      64
      70
      63
      61
      72
      57
      73
      67
      59
      69
      61
      89
      81
      56
      67
      75
      60
      62
      75
      62
      79
      65
      83
      79
      66
      77
      70
      70
      63
      70
      61
      68
      72
      53
      49
      85
      66
      57
      70
      65
      64
      78
      68
      59
      75
      69
      67
      70
      78
      63
      85
      62
      67
      62
      76
      83
      60
      66
      81
      80
      76
      65
      55
      76
      61
      61
      75
      65
      77
      60
      69
      70
      81
      80
      72
      64
      53
      72
      68
      76
      73
      74
      82
      62
      79
      79
      73
      67
      73
      74
      74
      80
      59
      59
      86
      59
      57
      72
      66
      72
      62
      68
      67
      70
      79
      75
      73
      71
      90
      65
      86
      53
      94
      72
      72
      62
      62
      70
      62
      82
      78
      69
      72
      85
      69
      83
      65
      72
      52
      67
      75
      84
      74
      54
      71
      86
      75
      67
      81
     106
      93
      84
      76
      93
      65
      73
      74
      72
      71
      69
      69
      59
      72
      63
      76
      53
      77
      57
      65
      69
      77
      76
      82
      65
      66
      60
      88
      75
      76
      74
      69
      78
      79
      70
      71
      74
      61
      70
      62
      66
      86
      74
      64
      70
      70
      68
      73
      71
      70
      69
      78
      66
      73
      76
      71
      81
      79
      74
      74
      70
      73
      77
      83
      71
      71
      72
      66
      68
      79
      78
      66
      76
      57
      80
      71
      61
      66
      81
      67
      68
      64
      71
      60
      77
      76
      69
      84
      66
      74
      73
      78
      86
      62
      74
      58
      63
      77
      72
      77
      74
      77
      68
      74
      81
      81
      81
      76
      83
      79
      69
      67
      74
      82
      73
      73
      64
      78
      79
      71
      66
      86
      63
      63
      72
      65
      80
      68
      69
      75
      59
      76
      89
      94
      73
      74
      81
      73
      74
      74
      67
      81
      71
      91
      68
      70
      81
      65
      90
      96
      70
      76
      83
      86
      69
      92
      87
      82
      80
      84
      81
      91
      90
      85
      73
      81
      65
      51
      71
      83
      76
      82
      82
      62
      71
      81
      75
      62
      75
      98
      74
      78
      95
      72
      87
      74
      65
      80
      83
      80
      77
      62
      83
      80
      59
      79
      78
      57
      98
      70
      85
      82
      89
      93
      91
      63
      82
      86
      93
      73
      76
      89
      73
      88
      82
      68
      72
      78
      87
      74
      71
      81
      77
      59
      65
      69
      79
      69
      67
      74
      63
      80
      71
      60
      71
      65
      70
      78
      61
      85
      67
      53
      86
      77
      68
      79
      60
      84
      63
      73
      74
      61
      57
      56
      53
      67
      65
      67
      68
      58
      72
      64
      61
      70
      57
      59
      54
      56
      66
      65
      61
      63
      58
      64
      58
      65
      65
      54
      63
      65
      59
      67
      61
      62
      47
      63
      60
      56
      64
      94
      58
      71
      58
      53
      65
      65
      53
      57
      46
      64
      66
      59
      62
      62
      48
      52
      57
      53
      58
      61
      56
      57
      55
      57
      58
      50
      65
      60
      54
      63
      64
      62
      66
      64
      56
      53
      41
      58
      59
      73
      55
      57
      62
      57
      61
      63
      45
      59
      56
      49
      45
      49
      71
      56
      50
      50
      54
      63
      45
      54
      63
      61
      51
      57
      55
      54
      50
      74
      58
      57
      61
      59
      59
      58
      60
      66
      53
      56
      52
      46
      53
      48
      49
      44
      53
      48
      52
      64
      43
      55
      53
      44
      56
      59
      54
      40
      61
      51
      45
      46
      57
      39
      54
      55
      41
      62
      41
      49
      45
      39
      35
      50
      41
      51
      56
      47
      52
      43
      46
      51
      59
      48
      59
      59
      49
      49
      54
      68
      84
     122
     116
     168
     187
     166
     139
     136
     103
      88
      57
      61
      45
      51
      44
      46
      44
      50
      46
      37
      39
      48
      48
      36
      47
      49
      48
      33
      42
      48
      53
      51
      39
      47
      44
      40
      40
      40
      53
      37
      33
      52
      49
      42
      47
      50
      48
      38
      44
      40
      53
      57
      41
      53
      50
      42
      42
      38
      46
      41
      54
      51
      54
      41
      45
      50
      57
      55
      64
      57
      49
      42
      41
      43
      44
      35
      30
      55
      39
      47
      51
      42
      40
      36
      39
      36
      32
      37
      33
      39
      33
      30
      37
      41
      46
      49
      40
      44
      47
      46
      30
      41
      47
      37
      40
      31
      38
      36
      44
      36
      42
      30
      41
      39
      38
      51
      39
      47
      29
      34
      33
      34
      31
      37
      42
      34
      45
      51
      37
      43
      44
      44
      33
      30
      38
      36
      29
      41
      40
      35
      34
      41
      46
      33
      33
      34
      29
      32
      28
      42
      31
      30
      33
      44
      28
      44
      43
      31
      26
      43
      45
      36
      29
      33
      28
      37
      38
      31
      31
      27
      41
      35
      35
      34
      34
      32
      35
      37
      25
      43
      38
      48
      36
      37
      39
      31
      34
      33
      31
      35
      47
      31
      42
      52
      41
      36
      41
      49
      43
      32
      36
      35
      37
      25
      32
      25
      27
      23
      37
      35
      28
      30
      36
      25
      28
      25
      33
      27
      26
      24
      37
      22
      40
      45
      29
      34
      34
      24
      35
      33
      26
      27
      26
      27
      28
      31
      25
      38
      33
      27
      34
      40
      44
      29
      35
      26
      38
      31
      41
      33
      27
      30
      32
      22
      27
      28
      23
      27
      29
      32
      39
      48
      28
      33
      30
      28
      36
      37
      36
      20
      30
      41
      41
      24
      41
      20
      30
      32
      37
      29
      25
      34
      24
      31
      25
      24
      34
      24
      33
      24
      41
      28
      27
      23
      35
      32
      30
      29
      40
      28
      25
      27
      39
      22
      30
      31
      25
      26
      32
      29
      40
      25
      24
      29
      27
      22
      39
      35
      29
      32
      34
      35
      35
      40
      25
      19
      33
      22
      25
      27
      32
      28
      21
      27
      28
      22
      24
      33
      29
      34
      33
      30
      34
      29
      28
      28
      35
      26
      31
      35
      28
      22
      26
      31
      31
      32
      33
      31
      22
      21
      29
      32
      28
      30
      36
      23
      33
      36
      26
      25
      31
      30
      24
      27
      26
      36
      38
      35
      21
      43
      32
      34
      19
      17
      42
      34
      27
      28
      28
      21
      24
      33
      31
      29
      39
      28
      37
      33
      37
      40
      31
      30
      20
      20
      29
      31
      29
      34
      36
      23
      27
      22
      31
      33
      17
      29
      27
      29
      29
      29
      29
      25
      22
      34
      30
      37
      28
      29
      18
      30
      29
      31
      28
      32
      33
      32
      38
      31
      26
      38
      27
      26
      28
      34
      25
      34
      40
      32
      46
      52
      77
     108
     136
     248
     503
     646
    1076
    1528
    2090
    2438
    2751
    2761
    2382
    2043
    1373
     967
     580
     342
     170
      73
      56
      26
      21
      22
      24
      17
      19
      20
      26
      24
      18
       9
      11
      27
      22
      17
      21
      26
      27
      16
      18
      23
      20
      28
      24
      24
      23
      30
      26
      28
      18
      26
      21
      26
      13
      25
      19
      22
      20
      25
      21
      16
      25
      23
      19
      18
      16
      18
      23
      18
      22
      22
      20
      18
      16
      18
      22
      15
      22
      28
      26
      18
      18
      19
      20
      18
      25
      14
      19
      26
      20
      22
      26
      14
      17
      20
      15
      20
      11
      23
      17
      21
      11
      24
      22
      28
      21
      24
      15
      19
      19
      18
      12
      21
      20
      21
      19
      17
      18
      21
      21
      17
      27
      16
      22
      16
      17
      25
      21
      17
      13
      22
      28
      19
      27
      21
      26
      22
      24
      14
      25
      17
      13
      17
      19
      27
      25
      19
      21
      20
      20
      18
      18
      16
      21
      13
      22
      19
      18
      15
      18
      23
      17
      29
      14
      18
      29
      14
      19
      19
      23
      18
      19
      26
      20
      13
      16
      26
      22
      19
      16
      25
      26
      21
      22
      20
      18
      22
      25
      25
      28
      17
      21
      12
      27
      19
      28
      20
      21
      21
      17
      13
      14
      20
      19
      23
      20
      21
      14
      27
      24
      15
      19
      10
      24
      12
      19
      23
      18
      25
      22
      19
      19
      26
      30
      22
      20
      23
      22
      21
      30
      23
      22
      16
      19
      19
      20
      20
      17
      20
      26
      20
      17
      19
      25
      24
      22
      23
      17
      20
      25
      19
      24
      14
      19
      18
      23
      15
      16
      16
      15
      24
      20
      17
      22
      21
      19
      27
      17
      23
      18
      22
      20
      15
      25
      21
      15
      23
      19
      26
      17
      23
      20
      19
      21
      19
      20
      17
      20
      23
      22
      16
      19
      20
      27
      18
      32
      25
      22
      28
      30
      23
      35
      31
      30
      28
      30
      23
      30
      17
      21
      19
      20
      15
      23
      12
      15
      20
      17
      18
      25
      22
      21
      22
      30
      16
      14
      21
      26
      24
      18
      26
      14
      18
      23
      23
      24
      13
      20
      25
      11
      19
      16
      24
      14
      23
      21
      17
      25
      24
      18
      22
      23
      20
      19
      18
      21
      15
      23
      24
      20
      25
      22
      27
      19
      14
      28
      21
      17
      25
      20
      19
      26
      25
      20
      17
      23
      18
      24
      23
      21
      11
      20
      26
      22
      17
      31
      24
      27
      31
      33
      31
      44
      42
      29
      35
      27
      15
      19
      21
      18
      26
      25
      24
      20
      19
      21
      22
      27
      20
      17
      19
      19
      15
      18
      15
      16
      15
      23
      15
      16
      22
      21
       9
      23
      17
      21
      20
      22
      18
      20
      16
      17
      17
      31
      20
      24
      26
      19
      14
      21
      15
      26
      19
      24
      19
      10
      21
      14
      21
      25
      16
      21
      20
      36
      18
      24
      24
      24
      30
      19
      15
      23
      24
      28
      27
      24
      23
      19
      24
      21
      23
      17
      14
      27
      12
      13
      23
      21
      16
      15
      24
      21
      30
      18
      19
      16
      22
      21
      22
      21
      24
      14
      18
      24
      18
      18
      21
      28
      30
      22
      21
      18
      23
      20
      20
      18
      14
      15
      11
      17
      17
      17
      24
      23
      20
      17
      26
      22
      20
      27
      17
       9
      19
      22
      13
      14
      24
      20
      16
      19
      22
      14
      13
      17
      23
      24
      15
      25
      18
      13
      18
      17
      21
      24
      26
      16
      25
      32
      21
      24
      30
      20
      17
      23
      25
      18
      20
      26
      14
      21
      21
      17
      14
      21
      21
      24
      21
      18
      17
      15
      12
      17
      27
      23
      21
      19
      18
      22
      19
      28
      21
      22
      22
      18
      19
      11
      20
      19
      23
      15
      21
      17
      18
      20
      15
      26
      15
      21
      18
      28
      19
      21
      16
      13
      26
      17
      23
      20
      19
      23
      18
      18
      12
      27
      18
      16
      20
      17
      22
      20
      25
      22
      20
      18
      26
      16
      17
      18
      27
      17
      16
      14
      18
      14
      25
      15
      28
      20
      18
      24
      18
      16
      16
      22
      19
      28
      26
      19
      17
      25
      24
      23
      22
      20
      19
      17
      12
      23
      13
      19
      17
      15
      23
      24
      15
      19
      20
      17
      17
      20
      17
      13
      18
      22
      20
      17
      18
      18
      20
      17
      22
      29
      21
      12
      19
      29
      24
      15
      15
      16
      23
      13
      22
      24
      15
      28
      19
      18
      16
      12
      15
      17
      16
      30
      17
      19
      23
      17
      18
      27
      20
      28
      22
      21
      20
      16
      21
      22
      20
      25
      23
      15
      12
      19
      24
      22
      22
      21
      24
      18
      21
      24
      27
      24
      14
      18
      22
      15
      20
      27
      29
      21
      28
      17
      14
      26
      19
      18
      15
      23
      19
      28
      18
      16
      18
      23
      24
      22
      23
      19
      28
      22
      23
      23
      24
      22
      20
      26
      29
      26
      29
      28
      28
      31
      51
      51
      58
      65
      71
      96
     167
     539
    2190
    8509
   34189
  107622
  185107
  153883
   64377
   16259
    3752
     896
     194
      91
      66
      63
      47
      45
      55
      41
      69
      46
      44
      48
      56
      44
      43
      47
      45
      35
      34
      46
      36
      36
      32
      32
      41
      34
      26
      38
      29
      26
      36
      29
      33
      28
      44
      30
      32
      28
      29
      30
      35
      25
      27
      29
      26
      37
      22
      26
      26
      35
      37
      30
      17
      31
      36
      37
      38
      35
      29
      22
      40
      34
      33
      34
      37
      34
      41
      35
      24
      30
      20
      27
      27
      35
      22
      29
      25
      27
      32
      32
      22
      32
      22
      30
      31
      21
      22
      23
      31
      25
      20
      20
      31
      22
      32
      20
      33
      19
      23
      30
      31
      29
      24
      14
      26
      25
      30
      16
      23
      18
      23
      23
      26
      26
      21
      16
      26
      31
      20
      26
      21
      28
      33
      31
      29
      23
      25
      25
      21
      23
      26
      31
      28
      30
      23
      18
       0
       0
       0
       0
       0
       0
       0
       0
       0
       0
       0
       0
       0
       0
       0
       0
       0
       0
       0
       0
       0
       0
       0
       0
       0
       0
       0
       0
       0
       0
       0
       0
       0
       0
       0
       0
       0
       0
       0
       0
       0
       0
       0
       0
       0
       0
       0
       0
       0
       0
       0
       0
       0
       0
       0
       0
       0
       0
       0
       0
       0
       0
       0
       0
       0
       0
       0
       0
       0
       0
       0
       0
       0
       0
       0
       0
       0
       0
       0
       0
       0
       0
       0
       0
       0
       0
       0
       0
       0
       0
       0
       0
       0
       0
       0
       0
       0
       0
       0
       0
       0
       0
       0
       0
       0
       0
       0
       0
       0
       0
       0
       0
       0
       0
       0
       0
       0
       0
       0
       0
       0
       0
       0
       0
       0
       0
       0
       0
