       0
       0
       0
       0
       0
       0
       0
       0
       0
       0
       0
       0
       0
       0
       0
       0
       0
       0
       0
       0
       0
       0
       0
       0
       0
       0
       0
       0
       0
       0
       0
       0
       0
       0
       0
       0
       0
       0
       0
       0
       0
       0
       0
       0
       7
      45
     929
   26747
   26436
   21825
   22080
   22570
   24396
   26153
   27250
   27875
   28375
   28315
   27804
   27611
   27528
   26753
   26564
   26245
   26315
   25777
   25663
   25653
   25222
   25041
   24998
   24523
   24375
   24285
   24277
   24571
   24309
   23796
   24065
   24000
   23664
   23564
   23323
   23088
   23140
   23143
   22945
   22855
   22697
   23063
   22660
   22515
   22489
   22596
   22211
   22104
   22104
   21709
   21844
   22092
   21560
   21384
   21400
   21624
   21413
   21166
   21607
   21564
   21008
   21124
   20769
   20896
   20964
   20770
   20603
   20695
   20862
   20511
   20746
   20292
   20536
   20219
   20256
   20180
   19955
   19859
   19967
   19870
   20049
   19832
   19769
   19797
   19993
   19719
   19706
   19689
   19447
   19873
   19468
   19486
   19483
   19400
   19297
   19380
   19338
   19677
   19701
   19387
   19533
   19345
   19392
   19290
   19137
   19257
   19059
   19416
   19247
   19539
   19151
   19099
   19254
   19414
   19422
   19504
   19304
   19469
   19632
   19446
   20026
   19895
   19712
   19751
   19732
   20324
   20145
   20168
   20586
   20228
   20429
   20644
   20725
   20648
   20937
   21053
   21072
   20806
   21314
   21209
   21293
   21305
   21650
   21748
   21647
   21920
   22220
   22396
   22378
   22543
   23258
   24016
   24480
   24483
   24149
   24042
   24769
   26778
   27821
   26593
   25074
   24678
   25049
   26162
   26858
   26335
   25201
   25013
   24750
   25062
   25270
   25183
   25509
   25464
   25803
   25674
   26054
   25998
   26284
   26315
   26662
   26911
   27222
   27843
   28465
   29009
   28960
   28123
   27935
   28213
   29162
   29476
   29878
   29284
   28603
   28725
   28580
   28994
   29288
   29555
   29494
   29058
   29080
   29378
   29238
   29940
   30784
   30843
   30981
   30629
   30070
   29848
   30055
   30249
   30338
   30508
   30638
   30346
   30861
   30757
   30812
   30767
   30963
   30941
   31322
   31592
   31289
   31297
   31639
   31315
   31512
   31372
   31665
   31736
   32261
   31878
   31885
   31986
   31707
   32211
   32124
   32408
   32619
   32335
   32214
   32442
   32347
   32327
   32204
   32869
   32653
   32713
   32807
   32340
   32974
   32816
   32805
   32852
   32921
   33223
   33140
   33103
   33223
   33556
   32932
   33168
   33043
   33479
   33312
   32962
   33326
   33064
   32815
   33303
   33289
   33254
   33145
   33468
   32991
   33078
   33211
   33070
   33012
   33586
   33103
   33717
   33378
   33260
   33492
   33468
   33572
   33578
   32992
   33685
   33211
   33238
   33143
   33351
   33416
   32972
   33234
   33781
   33816
   33223
   33617
   33900
   34070
   33518
   33457
   32908
   33271
   32981
   32805
   32854
   32646
   32653
   33055
   33081
   32709
   33069
   32628
   32362
   32788
   32580
   32810
   32604
   32297
   32390
   32438
   32429
   32428
   32243
   32150
   32279
   32516
   32268
   32558
   31953
   32060
   32237
   31652
   31601
   31742
   31604
   31727
   32070
   31993
   31718
   31541
   31467
   30980
   31133
   31224
   31486
   30964
   31406
   31310
   30957
   30928
   30942
   31133
   30932
   30607
   30941
   30835
   30637
   31190
   30656
   30598
   30679
   29767
   30290
   30233
   30675
   30247
   30230
   30021
   29901
   29969
   29600
   29595
   29339
   29772
   29294
   29154
   29536
   29280
   29249
   29397
   29198
   29112
   28990
   29265
   28787
   28785
   28799
   28610
   28538
   28613
   28533
   28729
   28380
   28301
   28037
   28173
   28422
   28006
   28002
   28214
   27979
   27975
   27916
   27646
   28189
   27595
   27577
   27545
   27752
   27324
   27608
   27306
   27163
   27238
   27104
   26910
   27252
   26944
   26900
   26733
   27048
   26813
   26691
   26851
   26806
   26633
   26670
   27007
   26495
   26560
   26720
   26610
   26586
   26476
   26236
   26072
   26078
   26250
   26071
   26083
   26064
   26038
   25807
   26084
   25883
   25810
   25774
   25508
   25470
   25953
   26306
   27486
   28316
   28016
   26594
   25864
   25116
   25063
   24679
   24990
   25158
   25155
   24606
   24987
   24843
   24565
   24671
   24797
   24753
   24418
   24587
   24476
   24306
   24561
   24335
   24284
   24016
   24276
   24070
   24092
   23964
   24194
   23903
   24263
   24168
   24314
   24272
   24166
   24018
   24062
   23702
   23532
   23567
   23531
   23623
   23664
   23581
   23625
   23656
   23680
   23701
   23540
   23808
   23494
   23548
   23918
   23565
   23477
   23703
   23408
   23510
   23567
   23671
   23988
   24510
   25259
   25941
   25449
   24932
   24719
   24449
   24853
   24583
   24777
   24682
   24720
   24644
   24264
   24764
   24759
   24645
   24911
   24868
   25065
   24671
   24738
   24538
   24796
   24404
   24199
   24269
   23891
   23886
   23854
   23961
   23733
   23942
   23538
   23395
   23470
   23236
   23227
   23199
   23132
   23080
   23018
   22786
   22758
   22622
   22565
   22590
   22332
   22128
   22294
   22421
   22081
   22177
   22008
   21905
   21827
   21635
   21853
   21755
   21627
   21497
   21546
   21319
   21318
   21180
   21128
   21151
   21013
   21370
   20987
   21410
   20887
   20842
   20699
   20937
   20997
   21080
   20744
   20821
   22533
   27064
   35329
   40584
   37425
   28587
   22400
   20889
   20686
   21458
   22082
   22597
   23575
   22346
   20889
   19621
   19157
   19071
   18653
   18891
   18828
   18901
   18799
   18492
   18595
   18479
   18666
   18536
   18546
   18335
   18501
   18196
   18221
   18102
   18077
   18087
   17949
   17953
   17873
   18108
   18001
   18290
   18067
   17992
   17669
   18057
   17777
   17804
   17716
   17714
   17524
   17586
   17358
   17657
   17544
   17538
   17235
   17734
   17684
   17584
   17326
   17219
   17111
   17357
   17058
   17155
   17003
   17200
   17078
   16898
   17040
   17079
   16844
   16860
   16932
   16830
   16806
   16754
   16737
   16486
   16630
   16500
   16614
   16586
   16522
   16710
   16865
   17054
   17845
   17982
   17809
   17491
   16870
   16315
   16331
   15907
   16293
   16305
   16396
   16337
   16396
   16314
   16397
   16145
   16129
   15956
   16093
   16685
   16804
   16882
   16718
   16450
   15949
   16040
   15830
   15860
   15811
   15550
   15556
   15745
   15603
   15593
   15575
   15457
   15526
   15388
   15479
   15581
   15209
   15471
   15600
   15414
   15545
   15214
   15256
   15157
   15377
   15418
   15393
   15213
   15301
   15202
   15121
   15136
   15191
   15056
   15086
   15175
   15060
   15057
   15056
   15021
   14686
   15027
   15480
   16543
   19604
   22664
   23045
   20101
   17188
   15216
   15071
   14513
   14572
   14748
   14559
   14806
   14831
   15177
   15633
   15841
   15703
   14881
   14387
   14360
   14272
   14202
   14230
   14160
   14136
   14180
   14057
   14067
   14220
   14007
   14218
   14123
   14153
   13920
   14014
   13881
   14017
   13897
   13876
   13924
   14090
   14198
   14698
   15134
   15184
   14339
   14141
   13944
   13841
   13694
   13657
   13785
   13876
   13743
   13813
   13718
   13657
   13508
   13456
   13620
   13699
   13404
   13481
   13548
   13428
   13677
   13244
   13471
   13414
   13321
   13341
   13367
   13582
   13240
   13243
   13255
   13363
   13282
   13240
   13336
   13202
   13327
   13146
   13173
   13195
   13147
   12934
   12963
   13312
   13440
   14085
   14448
   13975
   13533
   12984
   13028
   12837
   12970
   12760
   12630
   12861
   12968
   13046
   12785
   12881
   12574
   12413
   12766
   12774
   12659
   12615
   12421
   12510
   12662
   12662
   12736
   12774
   14078
   15643
   17030
   16860
   15147
   13396
   12652
   12207
   12315
   12324
   12425
   12288
   12124
   12051
   12201
   12178
   12016
   12307
   12207
   12205
   12224
   11998
   11919
   12053
   12016
   11950
   12007
   11892
   11953
   11732
   11791
   12106
   11817
   11758
   11952
   12263
   13256
   16385
   21790
   26280
   25891
   20588
   15372
   12572
   11771
   11412
   11579
   11268
   11338
   11417
   11391
   11333
   11161
   11376
   11308
   11179
   11222
   11140
   11180
   11124
   11205
   11330
   11197
   11064
   11256
   11077
   11214
   11185
   10903
   10990
   11265
   10956
   11189
   10851
   11102
   10940
   11055
   10929
   11043
   10949
   11047
   10877
   10826
   10864
   10845
   10805
   10980
   10934
   10981
   10879
   10905
   10739
   10687
   10755
   10790
   10786
   10601
   10759
   10720
   10898
   10725
   10547
   10524
   10506
   10590
   10582
   10589
   10542
   10623
   10590
   10582
   10430
   10722
   10428
   10674
   10580
   10518
   10548
   10497
   10410
   10368
   10437
   10526
   10293
   10380
   10402
   10622
   10409
   10397
   10199
   10531
   10333
   10324
   10351
   10623
   10537
   10513
   10364
   10474
   10324
   10492
   10569
   10449
   10416
   10171
   10220
   10174
   10100
    9987
   10069
   10122
   10269
   10232
   10127
   10094
   10219
   10015
   10027
   10102
   10315
    9861
    9967
   10052
   10174
   10011
    9961
   10020
   10075
    9864
   10015
   10034
   10027
   10085
   10013
   10235
    9972
   10165
   10011
   10013
    9783
    9818
    9795
    9771
    9824
   10001
    9774
    9969
    9736
    9938
    9725
   10009
    9820
    9781
    9677
    9832
   10194
   10610
   10482
   10134
    9953
    9862
    9641
    9699
    9774
    9799
    9685
    9628
    9585
    9863
    9551
    9760
    9624
    9641
    9565
    9550
    9684
    9664
    9631
    9593
    9643
    9511
    9383
    9613
    9512
    9456
    9353
    9573
    9500
    9589
    9416
    9369
    9490
    9247
    9543
    9420
    9537
    9499
    9540
    9339
    9460
    9412
    9416
    9466
    9412
    9273
    9365
    9434
    9399
    9379
    9360
    9323
    9285
    9232
    9080
    9199
    9291
    9218
    9259
    9177
    9294
    9197
    9319
    9149
    9188
    9037
    9152
    9134
    9055
    9138
    9209
    9223
    9156
    9149
    9083
    9375
    9194
    9256
    9355
    9426
    9229
    9243
    9004
    9160
    9037
    9041
    8930
    8954
    9100
    9042
    9092
    8884
    9021
    8959
    8923
    9076
    9033
    9200
    9057
    8912
    8739
    9018
    9085
    9093
    8962
    9046
    8994
    8976
    8943
    8902
    8903
    9032
    9113
    8952
    9043
    8917
    9048
    9007
    8938
    8987
    8923
    9028
    8932
    8872
    8904
    8962
    8778
    8980
    8863
    8748
    8935
    8817
    8883
    8800
    9019
    8969
    9014
    9071
    8790
    8752
    8958
    9234
    9700
   10267
   10403
    9997
    9446
    9075
    8859
    8948
    8843
    8594
    8754
    8580
    8753
    8769
    8735
    8817
    8687
    8793
    8791
    8983
    8768
    8790
    8563
    8826
    8520
    8675
    8774
    8697
    8683
    8725
    8632
    8710
    8579
    8701
    8614
    8587
    8471
    8750
    8607
    8711
    8606
    8694
    8637
    8565
    8787
    8728
    8647
    8768
    8866
    8898
    8794
    8773
    8615
    8581
    8507
    8469
    8559
    8475
    8486
    8506
    8388
    8467
    8496
    8493
    8469
    8631
    8691
    8609
    8688
    8571
    8550
    8682
    8514
    8465
    8401
    8330
    8496
    8555
    8432
    8497
    8364
    8410
    8524
    8459
    8476
    8517
    8566
    8639
    8365
    8426
    8517
    8397
    8280
    8443
    8447
    8474
    8326
    8289
    8457
    8341
    8370
    8403
    8418
    8200
    8441
    8384
    8362
    8428
    8379
    8320
    8467
    8281
    8498
    8518
    8401
    8264
    8255
    8189
    8357
    8404
    8468
    8263
    8327
    8528
    8696
    8659
    8868
    9236
    9745
   10653
   11979
   13215
   13746
   13579
   12370
   11073
   10215
    9394
    9058
    8851
    8543
    8391
    8278
    8338
    8370
    8393
    8225
    8372
    8431
    8189
    8115
    8312
    8142
    8250
    8196
    8301
    8390
    8215
    8286
    8114
    8297
    8262
    8165
    8257
    8232
    8161
    8435
    8217
    8260
    8269
    8225
    8160
    8243
    8157
    7974
    8140
    8172
    8149
    8023
    8296
    8129
    8177
    8076
    8072
    8126
    7954
    8196
    8141
    8076
    8223
    8259
    8132
    8059
    8170
    8174
    8267
    8154
    8221
    8243
    8146
    8045
    8232
    8148
    8185
    8079
    8280
    8058
    8152
    8242
    8228
    8101
    8096
    8036
    8102
    8086
    8102
    8191
    8023
    8024
    8135
    8122
    8064
    8099
    8171
    8070
    8059
    8063
    8200
    7908
    8236
    8237
    8212
    8124
    8149
    7942
    8151
    8120
    8142
    7857
    8068
    8037
    8070
    8107
    8024
    8059
    8037
    7996
    7822
    8125
    8132
    8028
    8046
    7999
    8128
    8022
    8038
    8096
    7986
    7995
    7919
    8094
    7957
    8096
    8094
    8034
    8053
    7853
    7936
    8101
    7922
    8081
    8170
    8416
    8318
    8324
    8168
    8020
    8079
    7925
    7903
    8051
    8004
    7886
    8002
    7904
    8023
    7956
    8008
    8147
    7828
    8087
    7954
    7972
    7977
    8006
    7837
    7992
    8004
    7948
    7988
    8042
    7939
    8055
    8060
    7966
    8097
    7979
    7984
    8031
    8064
    8105
    7918
    7917
    7960
    7934
    7951
    7907
    7901
    8107
    8008
    7981
    8053
    8143
    8177
    8008
    8185
    9022
   10986
   14460
   17375
   18315
   15842
   12170
    9490
    8428
    7936
    7859
    8017
    7797
    7851
    7894
    7929
    7820
    7819
    7807
    7707
    7859
    7844
    7765
    7831
    7924
    7973
    7825
    7723
    7914
    7947
    7908
    7825
    7902
    7783
    7738
    7839
    7894
    7899
    7949
    7876
    7891
    7861
    8008
    7993
    7894
    7877
    7828
    7824
    7700
    7782
    7963
    7830
    7876
    7831
    7883
    7785
    7934
    7837
    7845
    7891
    7897
    7906
    7775
    7744
    7900
    7880
    7880
    7855
    7849
    7935
    7987
    9018
   11186
   15459
   20539
   22764
   20516
   15380
   11298
    8891
    7882
    7863
    7773
    7681
    7812
    7868
    7745
    7630
    7699
    7583
    7693
    7713
    7761
    7832
    7595
    7745
    7775
    7964
    7708
    7692
    7512
    7702
    7669
    7650
    7834
    7791
    7671
    7842
    7835
    7850
    7741
    7859
    7851
    7726
    7771
    7854
    7690
    7695
    7700
    7603
    7586
    7754
    7596
    7775
    7693
    7624
    7909
    7918
    7673
    7551
    7758
    7770
    7667
    7661
    7676
    7767
    7815
    7556
    7788
    7692
    7637
    7736
    7742
    7764
    7779
    7643
    7772
    7844
    7841
    7645
    7658
    7609
    7689
    7769
    7696
    7831
    7718
    7812
    7745
    7673
    7745
    7850
    7777
    7740
    7644
    7683
    7899
    7689
    7741
    7595
    7769
    7677
    7622
    7679
    7706
    7777
    7619
    7746
    7843
    7762
    7958
    7691
    7716
    7881
    7849
    7814
    7653
    7772
    7841
    7805
    7743
    7826
    7665
    7804
    7670
    7676
    7580
    7825
    7626
    7721
    7938
    7815
    7799
    7742
    7826
    7780
    7782
    7590
    7718
    7796
    7829
    7960
    7846
    7722
    7908
    7851
    8254
    8464
    8520
    8570
    8464
    8049
    7895
    7835
    7862
    7904
    7992
    8082
    8343
    8279
    8027
    7936
    8022
    7908
    7716
    7868
    7774
    7831
    7876
    7872
    7877
    7728
    7808
    7709
    7842
    7762
    7669
    7774
    7684
    7953
    7790
    7733
    7714
    7826
    7815
    7708
    7805
    7840
    7835
    7717
    7806
    7759
    7831
    7783
    7870
    7662
    7772
    7902
    7735
    7846
    7757
    7827
    7912
    7796
    7766
    7818
    7803
    7781
    8022
    7903
    7753
    7764
    7791
    7850
    7900
    7938
    7802
    7924
    7813
    7883
    7745
    7709
    7718
    7830
    7948
    7784
    8004
    8148
    7910
    7874
    7944
    7886
    7800
    7740
    8023
    7938
    7980
    7858
    7983
    7692
    7924
    7747
    7956
    7898
    7958
    7871
    7838
    7806
    8006
    7921
    7947
    7870
    7828
    7890
    7845
    8010
    7957
    7952
    7993
    8160
    8095
    8027
    8135
    8010
    7921
    7878
    7921
    8079
    7859
    7943
    7910
    8215
    7923
    8070
    8053
    7980
    7900
    7864
    7996
    7809
    8047
    7762
    7916
    7856
    7853
    7907
    7854
    7887
    7989
    7826
    8092
    7971
    7931
    7821
    7975
    7909
    7808
    7883
    7920
    7961
    8044
    7957
    7873
    8107
    7972
    8118
    7975
    8124
    8170
    7972
    8074
    8014
    7814
    7906
    7988
    8095
    7990
    7972
    8005
    7930
    8194
    8138
    8021
    8229
    8610
    9281
    9830
   10089
    9658
    9190
    8483
    8169
    7937
    8118
    8118
    7956
    8041
    7836
    7917
    7980
    7817
    8029
    8077
    8062
    7897
    7951
    7890
    7957
    7988
    8030
    8026
    8100
    8066
    7960
    7970
    7950
    7913
    8085
    8005
    8314
    7940
    8109
    8004
    7974
    7931
    7968
    7957
    8091
    8138
    8164
    7937
    8089
    7989
    8038
    7899
    8117
    8263
    8127
    8070
    8051
    7842
    8138
    7897
    8284
    8153
    8086
    7905
    8119
    7962
    8133
    8034
    8055
    8360
    8056
    8248
    8130
    8211
    8206
    8226
    8085
    8162
    8242
    8265
    8442
    8381
    8430
    8252
    8179
    8168
    8125
    8168
    8278
    8472
    8255
    8234
    8244
    8071
    8250
    8222
    8078
    8220
    8287
    8092
    8315
    8396
    8353
    8376
    8416
    8244
    8222
    8369
    8334
    8378
    8352
    8289
    8571
    8483
    9058
    9332
    9575
    9374
    9000
    8678
    8331
    8377
    8319
    8320
    8559
    8567
    8526
    8754
    8638
    8526
    8403
    8509
    8367
    8239
    8273
    8084
    8358
    8259
    8157
    8329
    8355
    8193
    8336
    8509
    8300
    8204
    8443
    8309
    8270
    8197
    8146
    8278
    8448
    8584
    8401
    8368
    8478
    8268
    8435
    8398
    8567
    8466
    8749
    8915
    8837
    8812
    8692
    8550
    8403
    8404
    8550
    8699
    8785
    8809
    8843
    8447
    8521
    8415
    8382
    8302
    8570
    8444
    8363
    8335
    8540
    8433
    9240
    9351
    9691
    9646
    9316
    9009
    8729
    8494
    8322
    8402
    8697
    8408
    8414
    8592
    8529
    8390
    8479
    8648
    8501
    8404
    8408
    8372
    8589
    8387
    8747
    8486
    8541
    8468
    8522
    8651
    8590
    8663
    8870
    8971
    8750
    8915
    8725
    8676
    8717
    8428
    8366
    8613
    8574
    8480
    8601
    8548
    8578
    8690
    8749
    8560
    8605
    8658
    8616
    8561
    8553
    8644
    8544
    8876
    8673
    8608
    8476
    8812
    8859
    8733
    8598
    8600
    8507
    8760
    8958
    8825
    9089
    9167
    9529
    9671
    9841
    9991
    9696
    9683
    9530
    9436
    9176
    9095
    8824
    8778
    8904
    8766
    8868
    8822
    8914
    8989
    8962
    8785
    8879
    8936
    8816
    8840
    8992
    8836
    9100
    8953
    9087
    9142
    9053
    8966
    9057
    8824
    8921
    8969
    9000
    9031
    8810
    9190
    9065
    9471
    9403
    9342
    9335
    9017
    9264
    8965
    9268
    9132
    9083
    9252
    9140
    9217
    9531
    9130
    9431
    9316
    9105
    8977
    8917
    9024
    9075
    8996
    9221
    9125
    9238
    9062
    9098
    8927
    9237
    8997
    9312
    9169
    9260
    9038
    9214
    9175
    9364
    9234
    9339
    9328
    9363
    9250
    9229
    9306
    9456
    9348
    9369
    9215
    9387
    9318
    9264
    9408
    9380
    9380
    9318
    9375
    9424
    9476
    9424
    9315
    9566
    9336
    9469
    9307
    9683
    9918
   10157
   10507
   10676
   10549
   10232
    9829
    9547
    9572
    9453
    9579
    9542
    9424
    9572
    9483
    9566
    9701
    9588
    9660
    9738
    9829
    9674
    9679
    9637
    9766
    9712
    9611
    9720
    9463
    9705
    9779
    9511
    9753
    9794
    9776
    9780
    9596
    9778
    9750
    9917
    9652
    9806
    9803
    9973
    9804
    9680
    9812
   10178
    9878
    9844
    9986
    9900
    9960
   10167
    9820
   10049
   10049
    9888
    9908
   10223
   10132
   10043
   10285
   10074
   10095
    9857
   10043
   10122
   10342
   10201
    9987
   10154
    9989
   10116
   10368
    9969
   10180
   10171
   10378
   10360
   10229
   10248
   10312
   10302
   10294
   10284
   10393
   10489
   10466
   10442
   10388
   10424
   10629
   10521
   10664
   10426
   10560
   10477
   10306
   10586
   10431
   10585
   10565
   10521
   10667
   10609
   10542
   10702
   10499
   10425
   10634
   10526
   10884
   10610
   10658
   10508
   10627
   10682
   10625
   10753
   10764
   10936
   11004
   10896
   10707
   11094
   10923
   10839
   10734
   10985
   10885
   10769
   10948
   11054
   10914
   11031
   11235
   12148
   13406
   15464
   17402
   18505
   17332
   15230
   12991
   12046
   11349
   11055
   11197
   11047
   11248
   11064
   11118
   11081
   11098
   11019
   11237
   10974
   11167
   11209
   11329
   11208
   11475
   11244
   11147
   11307
   11247
   11436
   11315
   11264
   11341
   11486
   11254
   11233
   11455
   11394
   11318
   11329
   11657
   11362
   11678
   11585
   11383
   11539
   11432
   11467
   11643
   11526
   11678
   11519
   11662
   11606
   11732
   11738
   11723
   11695
   11685
   11791
   11762
   11777
   11924
   12105
   12430
   12767
   12847
   12273
   12188
   12047
   11983
   12038
   11854
   11758
   11837
   11829
   12131
   11951
   11906
   12000
   12141
   11930
   11972
   12128
   12011
   12095
   11826
   12235
   12047
   12087
   12075
   12255
   12183
   12175
   12192
   12048
   12363
   12122
   12098
   12291
   12339
   12354
   12441
   12433
   12609
   12525
   12399
   12596
   12637
   12516
   12758
   12606
   12590
   12463
   12279
   12397
   12420
   12225
   12405
   12240
   12243
   12361
   12224
   12295
   12246
   12426
   12141
   12079
   12205
   12233
   12234
   12431
   12208
   12244
   12261
   12080
   11914
   12009
   11560
   11709
   11621
   11730
   11567
   11498
   11507
   11548
   11468
   11755
   12168
   12230
   12029
   11482
   10991
   10587
   10615
   10472
   10407
   11018
   11955
   13230
   14102
   14351
   13542
   11956
   11081
   10167
    9816
    9865
    9708
    9725
    9641
    9728
    9854
    9670
    9687
    9725
    9434
    9466
    9591
    9491
    9535
    9447
    9530
    9377
    9552
    9550
    9358
    9340
    9450
    9393
    9398
    9422
    9434
    9369
    9388
    9494
    9260
    9347
    9328
    9459
    9341
    9271
    9080
    9297
    9407
    9278
    9121
    9206
    9305
    9362
    9267
    9310
    9101
    9250
    9211
    9193
    9180
    9107
    9170
    9172
    9059
    8998
    9228
    9176
    8949
    9134
    9044
    9193
    9017
    9261
    8952
    9027
    9238
    8974
    8948
    9082
    9122
    8898
    9085
    9167
    8943
    9005
    9014
    8895
    8857
    8886
    9132
    9203
    9320
    9248
    9265
    9134
    8907
    8764
    8932
    8846
    8964
    8817
    9050
    8927
    8878
    8927
    9038
    8964
    8770
    8887
    8784
    8852
    8869
    8715
    8717
    8878
    9041
    8796
    8749
    8533
    8649
    8658
    8622
    8639
    8921
    8639
    8606
    8759
    8724
    8761
    8808
    8721
    8617
    8697
    8768
    8582
    8664
    8661
    8605
    8648
    8584
    8667
    8676
    8844
    8797
    8672
    8597
    8623
    8650
    8466
    8606
    8569
    8538
    8622
    8601
    8510
    8472
    8612
    8458
    8494
    8538
    8480
    8574
    8526
    8505
    8473
    8352
    8562
    8425
    8405
    8403
    8398
    8481
    8416
    8487
    8397
    8760
    8710
    8549
    8581
    8548
    8577
    8478
    8432
    8545
    8440
    8390
    8262
    8458
    8578
    8316
    8488
    8440
    8451
    8240
    8425
    8315
    8429
    8247
    8339
    8311
    8491
    8449
    8331
    8297
    8218
    8275
    8255
    8218
    8414
    8264
    8288
    8290
    8369
    8226
    8434
    8172
    8475
    8277
    8305
    8237
    8312
    8257
    8154
    8039
    8265
    8141
    8322
    8236
    8364
    8387
    8409
    8280
    8269
    8383
    7995
    8190
    8400
    8327
    8141
    8105
    8171
    8186
    8201
    8101
    8226
    8126
    8151
    8135
    8153
    8161
    8002
    8100
    8174
    8021
    8028
    8029
    8078
    8108
    8102
    8147
    8189
    8030
    8336
    8116
    8247
    8276
    8215
    8375
    8247
    8249
    8040
    8199
    8128
    8109
    8196
    8241
    8063
    8267
    8149
    8166
    8249
    8351
    8291
    8321
    8140
    8309
    7984
    8278
    8211
    8289
    8292
    8204
    8371
    8121
    8408
    8268
    8227
    8226
    8316
    8166
    8185
    8368
    8371
    8515
    8268
    8311
    8297
    8271
    8344
    8279
    8162
    8319
    8300
    8275
    8389
    8302
    8439
    8271
    8235
    8232
    8476
    8398
    8361
    8434
    8414
    8355
    8529
    8355
    8444
    8404
    8365
    8416
    8344
    8497
    8449
    8170
    8465
    8399
    8443
    8349
    8505
    8454
    8523
    8531
    8515
    8629
    8518
    8536
    8471
    8408
    8505
    8561
    8636
    8479
    8662
    8235
    8380
    8546
    8483
    8593
    8527
    8607
    8504
    8589
    8467
    8531
    8666
    8601
    8448
    8468
    8662
    8658
    8496
    8625
    8546
    8747
    8554
    8583
    8618
    8477
    8644
    8497
    8537
    8517
    8641
    8637
    8478
    8552
    8713
    8535
    8477
    8661
    8542
    8513
    8492
    8447
    8499
    8454
    8342
    8132
    8262
    8056
    8079
    8057
    8003
    7997
    7883
    7734
    7748
    7621
    7561
    7505
    7813
    8005
    8717
    9722
   10493
   10369
    9773
    8775
    7560
    7024
    6656
    6527
    6450
    6351
    6229
    6337
    6275
    6285
    6043
    6217
    6193
    6220
    6096
    5997
    5984
    6095
    6047
    6040
    6053
    6163
    5980
    5780
    5927
    5939
    5847
    5958
    5790
    5730
    5871
    5951
    5845
    5907
    5826
    5733
    5843
    5720
    5555
    5643
    5668
    5685
    5672
    5685
    5596
    5624
    5587
    5575
    5619
    5569
    5570
    5617
    5464
    5497
    5582
    5487
    5493
    5570
    5385
    5506
    5397
    5537
    5475
    5485
    5404
    5449
    5372
    5278
    5367
    5373
    5335
    5342
    5488
    5257
    5286
    5267
    5415
    5254
    5377
    5292
    5376
    5199
    5242
    5275
    5327
    5176
    5155
    5267
    5244
    5299
    5491
    5462
    5537
    5463
    5432
    5353
    5245
    5160
    5172
    5231
    5155
    5194
    5116
    5068
    5242
    5079
    4964
    5043
    4984
    5085
    5124
    5170
    5066
    5097
    4992
    5206
    5135
    5058
    5101
    5069
    5109
    5083
    5005
    5127
    5241
    5107
    5243
    5205
    5574
    5645
    6059
    6543
    7239
    9011
   12717
   23194
   49912
  108883
  213119
  358039
  497000
  562699
  519051
  387015
  233181
  115882
   48393
   18646
    7998
    5002
    4218
    3984
    3944
    3932
    3927
    3856
    3866
    3891
    3626
    3818
    3754
    3736
    3732
    3809
    3746
    3800
    3710
    3739
    3671
    3732
    3713
    3683
    3639
    3615
    3546
    3619
    3559
    3617
    3518
    3591
    3518
    3441
    3483
    3565
    3619
    3512
    3548
    3414
    3542
    3494
    3464
    3324
    3366
    3370
    3394
    3358
    3332
    3368
    3265
    3407
    3309
    3223
    3298
    3301
    3309
    3250
    3254
    3234
    3212
    3218
    3193
    3176
    3180
    3091
    3130
    3170
    3203
    3137
    3114
    3022
    3155
    3080
    3005
    3029
    3043
    3039
    3008
    3018
    3078
    2936
    2955
    2934
    3085
    2881
    3092
    3093
    2932
    2978
    2869
    2883
    2823
    2811
    2695
    2723
    2776
    2816
    2730
    2779
    2692
    2662
    2728
    2776
    2601
    2669
    2642
    2646
    2528
    2728
    2602
    2628
    2736
    2644
    2610
    2608
    2538
    2633
    2575
    2533
    2506
    2636
    2485
    2564
    2531
    2529
    2374
    2558
    2515
    2461
    2431
    2445
    2511
    2446
    2459
    2487
    2406
    2534
    2441
    2368
    2266
    2340
    2391
    2331
    2392
    2376
    2376
    2316
    2299
    2382
    2273
    2348
    2302
    2320
    2282
    2304
    2313
    2323
    2253
    2259
    2283
    2202
    2193
    2190
    2300
    2288
    2475
    2746
    3081
    3346
    3476
    3485
    3091
    2731
    2456
    2312
    2053
    2130
    2025
    1994
    2096
    2027
    2061
    2076
    1955
    1906
    1953
    2079
    1919
    1849
    1902
    1891
    2000
    1959
    1925
    1927
    1942
    1867
    1896
    1793
    1769
    1832
    1815
    1730
    1722
    1744
    1686
    1771
    1755
    1759
    1741
    1759
    1773
    1744
    1739
    1773
    1717
    1658
    1663
    1690
    1733
    1695
    1666
    1667
    1709
    1628
    1688
    1632
    1655
    1580
    1712
    1557
    1651
    1641
    1632
    1645
    1585
    1623
    1577
    1606
    1580
    1619
    1574
    1568
    1642
    1610
    1551
    1600
    1604
    1515
    1543
    1566
    1605
    1619
    1576
    1577
    1589
    1448
    1529
    1564
    1533
    1551
    1583
    1546
    1539
    1532
    1560
    1576
    1549
    1540
    1611
    1588
    1608
    1520
    1539
    1562
    1481
    1518
    1519
    1541
    1493
    1498
    1508
    1485
    1564
    1738
    1699
    1823
    1747
    1764
    1668
    1594
    1504
    1611
    1500
    1463
    1526
    1440
    1427
    1454
    1488
    1480
    1452
    1441
    1479
    1467
    1399
    1513
    1369
    1481
    1391
    1367
    1460
    1423
    1452
    1432
    1380
    1416
    1374
    1399
    1403
    1418
    1478
    1432
    1409
    1494
    1353
    1363
    1417
    1408
    1336
    1372
    1357
    1456
    1417
    1343
    1363
    1385
    1409
    1397
    1411
    1398
    1379
    1397
    1453
    1313
    1323
    1408
    1333
    1473
    1361
    1379
    1325
    1323
    1287
    1403
    1342
    1320
    1315
    1367
    1358
    1336
    1373
    1405
    1382
    1322
    1358
    1378
    1314
    1369
    1277
    1274
    1384
    1295
    1414
    1372
    1361
    1329
    1338
    1409
    1379
    1271
    1353
    1362
    1408
    1364
    1371
    1398
    1345
    1423
    1409
    1447
    1372
    1386
    1384
    1362
    1452
    1432
    1462
    1414
    1478
    1496
    1480
    1388
    1469
    1465
    1474
    1502
    1423
    1522
    1537
    1590
    1666
    1709
    1765
    1844
    2098
    2459
    3103
    4316
    6970
   13265
   29351
   64701
  132426
  235051
  358956
  458606
  484602
  424872
  307275
  182670
   90758
   37494
   13187
    4452
    1639
     953
     818
     622
     653
     647
     638
     639
     652
     627
     638
     604
     658
     623
     618
     620
     659
     590
     559
     614
     580
     607
     591
     587
     609
     596
     583
     591
     582
     552
     561
     542
     568
     548
     557
     538
     512
     553
     550
     561
     551
     531
     542
     517
     542
     572
     553
     534
     577
     528
     548
     560
     524
     523
     565
     494
     545
     547
     522
     517
     548
     524
     488
     550
     528
     488
     529
     540
     484
     489
     509
     480
     492
     562
     488
     526
     539
     474
     479
     517
     469
     506
     475
     517
     483
     533
     482
     493
     490
     478
     507
     461
     471
     488
     445
     528
     503
     490
     483
     493
     511
     469
     460
     500
     501
     497
     471
     477
     497
     482
     572
     685
     846
    1058
    1197
    1343
    1270
    1114
     895
     696
     569
     530
     514
     484
     457
     463
     440
     447
     481
     474
     482
     462
     454
     500
     576
     638
     660
     628
     577
     526
     511
     472
     439
     485
     469
     434
     451
     429
     470
     451
     461
     477
     488
     457
     429
     423
     480
     463
     418
     434
     419
     460
     472
     459
     444
     445
     463
     409
     400
     423
     444
     440
     464
     444
     414
     468
     490
     533
     581
     742
     722
     703
     662
     572
     496
     464
     437
     431
     488
     438
     406
     473
     483
     506
     578
     763
     866
    1007
    1060
     956
     788
     633
     528
     473
     481
     401
     450
     433
     391
     410
     410
     433
     411
     393
     431
     448
     457
     424
     399
     461
     425
     365
     416
     386
     438
     431
     399
     423
     447
     396
     428
     391
     416
     394
     365
     412
     414
     412
     425
     418
     391
     397
     422
     441
     449
     417
     431
     447
     433
     425
     402
     410
     401
     429
     404
     424
     413
     422
     442
     440
     400
     446
     400
     441
     412
     431
     422
     406
     444
     482
     532
     624
     788
     785
     847
     753
     634
     615
     474
     443
     386
     355
     387
     421
     407
     392
     424
     401
     403
     393
     393
     436
     444
     402
     401
     460
     418
     394
     443
     395
     409
     433
     450
     415
     441
     404
     428
     446
     418
     408
     408
     433
     433
     440
     438
     435
     436
     408
     416
     444
     435
     430
     470
     463
     434
     440
     467
     466
     459
     431
     536
     583
     603
     779
    1101
    1844
    3609
    7184
   14133
   25018
   38110
   49427
   53619
   49899
   38366
   24948
   13463
    6164
    2486
     980
     441
     275
     258
     218
     240
     248
     225
     230
     251
     223
     231
     221
     223
     240
     236
     228
     226
     242
     241
     200
     238
     240
     227
     234
     228
     220
     185
     232
     213
     219
     239
     222
     232
     245
     215
     212
     199
     227
     243
     236
     220
     261
     247
     246
     227
     262
     229
     232
     244
     215
     231
     208
     219
     206
     211
     239
     238
     201
     230
     224
     211
     250
     229
     206
     238
     230
     225
     209
     225
     186
     247
     204
     198
     213
     223
     235
     221
     227
     223
     226
     225
     230
     236
     261
     265
     351
     399
     414
     433
     383
     351
     293
     243
     240
     214
     214
     215
     201
     222
     253
     278
     297
     305
     341
     306
     302
     291
     210
     249
     214
     223
     235
     210
     208
     222
     218
     255
     237
     268
     272
     276
     419
     598
     617
     625
     628
     549
     371
     339
     307
     229
     261
     239
     279
     290
     277
     260
     227
     200
     229
     210
     217
     216
     232
     215
     212
     232
     210
     172
     192
     204
     186
     199
     225
     229
     221
     254
     224
     247
     213
     225
     221
     210
     200
     215
     226
     220
     215
     244
     194
     227
     216
     233
     202
     216
     216
     230
     205
     225
     189
     236
     237
     218
     223
     196
     218
     184
     220
     210
     195
     226
     213
     196
     215
     226
     211
     217
     187
     225
     234
     230
     253
     286
     292
     307
     285
     273
     242
     246
     216
     204
     205
     204
     211
     252
     240
     288
     263
     257
     245
     237
     228
     213
     217
     193
     185
     206
     202
     183
     160
     194
     205
     207
     201
     218
     204
     178
     190
     174
     203
     171
     205
     196
     182
     185
     183
     219
     185
     220
     197
     196
     189
     191
     202
     231
     236
     196
     234
     212
     187
     200
     183
     187
     177
     177
     173
     183
     183
     194
     181
     191
     174
     158
     189
     190
     197
     185
     175
     199
     175
     188
     222
     200
     159
     205
     208
     202
     191
     205
     184
     172
     194
     183
     191
     170
     177
     210
     193
     194
     172
     183
     179
     175
     165
     182
     175
     176
     171
     181
     175
     186
     192
     172
     199
     192
     234
     253
     289
     308
     333
     278
     266
     244
     287
     297
     308
     340
     311
     304
     241
     265
     218
     214
     208
     237
     302
     466
     568
     711
     799
     844
     740
     592
     424
     320
     241
     272
     290
     339
     454
     569
     624
     580
     571
     503
     413
     313
     273
     269
     211
     203
     209
     202
     177
     222
     179
     205
     209
     223
     245
     226
     255
     232
     220
     219
     164
     193
     172
     171
     204
     177
     182
     157
     174
     159
     173
     152
     172
     185
     209
     175
     185
     174
     184
     219
     177
     166
     182
     197
     157
     168
     188
     168
     184
     175
     181
     207
     178
     165
     175
     164
     182
     177
     178
     155
     174
     173
     199
     200
     202
     170
     180
     214
     193
     227
     301
     377
     456
     476
     477
     424
     364
     273
     227
     219
     190
     178
     183
     218
     213
     204
     233
     199
     176
     220
     205
     179
     174
     175
     195
     224
     236
     305
     381
     488
     498
     491
     451
     352
     277
     225
     181
     189
     163
     157
     163
     160
     156
     163
     149
     170
     178
     150
     204
     228
     247
     230
     271
     238
     205
     182
     170
     148
     156
     176
     150
     149
     180
     173
     166
     176
     167
     172
     151
     135
     134
     130
     172
     146
     169
     163
     169
     163
     173
     132
     164
     148
     170
     157
     155
     155
     154
     169
     144
     180
     176
     172
     139
     160
     140
     168
     157
     161
     139
     159
     161
     142
     154
     160
     167
     153
     163
     161
     182
     170
     199
     227
     295
     331
     338
     316
     323
     281
     209
     193
     155
     172
     180
     146
     167
     173
     187
     201
     173
     201
     203
     167
     156
     146
     177
     141
     141
     145
     173
     132
     164
     163
     144
     125
     154
     154
     142
     131
     156
     156
     169
     134
     153
     124
     152
     127
     140
     151
     161
     139
     165
     170
     171
     162
     154
     162
     174
     134
     165
     155
     163
     160
     131
     177
     170
     160
     201
     205
     182
     177
     165
     178
     172
     154
     175
     168
     146
     145
     169
     137
     140
     141
     136
     165
     179
     168
     165
     165
     169
     181
     211
     178
     205
     170
     188
     180
     156
     139
     168
     169
     163
     153
     130
     133
     151
     125
     136
     148
     154
     153
     146
     146
     170
     149
     167
     119
     162
     150
     138
     161
     154
     145
     161
     131
     150
     141
     134
     160
     135
     131
     148
     140
     150
     131
     129
     156
     147
     122
     131
     148
     146
     143
     147
     133
     161
     138
     166
     127
     145
     170
     142
     128
     139
     146
     159
     142
     157
     140
     133
     134
     132
     149
     131
     137
     135
     135
     157
     144
     139
     156
     142
     135
     148
     134
     145
     160
     134
     153
     142
     139
     143
     136
     164
     150
     178
     198
     270
     346
     460
     590
     607
     693
     550
     472
     364
     246
     224
     190
     151
     145
     131
     129
     128
     111
     150
     135
     134
     151
     160
     123
     127
     149
     157
     158
     142
     140
     145
     148
     126
     155
     143
     139
     155
     130
     139
     148
     157
     146
     126
     152
     146
     119
     151
     147
     137
     160
     135
     141
     141
     136
     155
     131
     134
     153
     138
     148
     118
     140
     143
     140
     146
     130
     132
     151
     124
     160
     122
     136
     139
     147
     157
     153
     132
     133
     147
     138
     144
     154
     128
     151
     133
     145
     133
     152
     130
     158
     141
     160
     188
     267
     443
     686
    1083
    1797
    2442
    2850
    3037
    2781
    2196
    1595
     955
     531
     300
     198
     156
     168
     140
     148
     125
     138
     105
     124
     143
     131
     115
     143
     128
     125
     141
     120
     125
     120
     120
     143
     118
     127
     128
     116
     133
     132
     138
     149
     134
     157
     160
     153
     163
     169
     132
     151
     135
     126
     113
     111
     123
     138
     127
     125
     123
     129
     122
     127
     131
     139
     127
     121
     133
     125
     118
     127
     122
     118
     104
     138
     135
     129
     135
     110
     129
     138
     130
     133
     122
     138
     124
     129
     112
     143
     127
     130
     124
     141
     156
     131
     132
     139
     148
     118
     128
     148
     117
     132
     130
     133
     129
     151
     134
     148
     140
     109
     119
     129
     127
     126
     123
     132
     112
     145
     132
     140
     132
     141
     141
     142
     134
     108
     118
     134
     129
     119
     120
     137
     134
     145
     140
     124
     143
     129
     149
     129
     106
     134
     124
     134
     135
     124
     128
     122
     135
     141
     139
     124
     124
     111
     125
     123
     125
     132
     133
     120
     143
     141
     137
     134
     150
     141
     133
      95
     131
     136
     127
     113
     120
     116
     135
     136
     141
     142
     129
     130
     125
     136
     136
     122
     118
     147
     122
     126
     138
     142
     123
     131
     127
     134
     126
     155
     134
     142
     142
     151
     133
     143
     125
     152
     155
     175
     177
     213
     181
     188
     160
     176
     135
     137
     121
     136
     146
     110
     157
     146
     164
     115
     125
     123
     150
     146
     134
     191
     264
     290
     355
     421
     498
     450
     403
     377
     250
     199
     185
     141
     154
     118
     126
     135
     117
     133
     135
     138
     122
     137
     137
     112
     131
     129
     124
     128
     117
     130
     122
     113
     112
     101
     128
     122
     111
     125
     135
     117
     125
     136
     115
     121
     122
     137
     128
     113
     149
     141
     134
     140
     108
     113
     132
     121
     118
     126
     126
     121
     146
     112
     133
     105
     114
     134
     146
     160
     136
     136
     142
     138
     166
     181
     173
     155
     169
     161
     135
     144
     126
     170
     135
     125
     134
     144
     132
     130
     134
     134
     114
     129
     146
     128
     114
     121
     121
     110
     127
     111
     133
     127
     137
     118
     132
     144
     119
     147
     143
     141
     138
     155
     140
     140
     144
     143
     149
     135
     136
     148
     151
     138
     160
     127
     132
     125
     130
     132
     107
     125
     139
     130
     154
     126
     144
     151
     143
     151
     162
     164
     133
     131
     127
     147
     141
     123
     140
     119
     136
     125
     125
     132
     147
     144
     130
     134
     127
     129
     134
     134
     138
     126
     139
     133
     139
     127
     146
     128
     124
     128
     131
     117
     144
     132
     123
     134
     129
     149
     112
     135
     152
     131
     135
     131
     113
     116
     133
     130
     102
     120
     105
     125
     120
     108
     124
     136
     135
     121
     141
     130
     132
     142
     117
     131
     131
     113
     122
     118
     124
     145
     145
     121
     131
     126
     116
     129
     146
     136
     139
     141
     127
     133
     136
     148
     118
     148
     129
     112
     125
     129
     130
     113
     129
     148
     134
     101
     110
     123
     138
     140
     122
     142
     128
     159
     140
     140
     146
     140
     149
     130
     151
     131
     121
     123
     121
     126
     133
     132
     129
     130
     141
     139
     128
     137
     119
     142
     116
     136
     116
     114
     110
     114
     134
     134
     113
     114
     112
     139
     135
     118
     141
     115
     128
     136
     139
     132
     153
     139
     156
     152
     111
     126
     137
     118
     136
     119
     142
     118
     109
     129
     141
     132
     109
     131
     120
     132
     100
     127
     114
     141
     139
     119
     127
     126
     126
     127
     146
     137
     116
     115
     115
     124
     139
     103
     131
     136
     144
     130
     127
     130
     124
     114
     117
     135
     107
     141
     135
     119
     113
     133
     134
     125
     114
     130
     125
     118
     135
     128
     114
     131
     112
     113
     117
      94
     129
     119
     121
     112
     132
     135
     117
     122
     121
     124
     123
     123
     117
     111
     116
     136
     109
     114
     140
     130
     108
     128
     118
     100
     114
     105
     119
     125
     110
     112
     106
     116
     121
     122
     118
     106
     128
     123
     136
     118
     125
     112
     114
     106
     117
     106
     113
     116
     131
     130
     119
     119
     105
     118
     130
     121
     105
     123
     100
     110
     112
     111
     115
     132
     118
     116
     102
     119
     121
     120
     108
     134
     122
     110
     123
     100
     128
     120
     114
     120
     117
     113
     121
     118
     110
     121
     141
     134
     109
     100
     106
     101
     110
     130
     120
     116
     144
      94
     111
     115
     120
     132
     127
     146
     113
     118
      94
     114
     130
     130
     111
     107
     102
     100
     122
     124
     112
     109
     100
     131
     113
     105
     128
     123
     117
     136
     112
     124
     100
     122
     121
     110
     113
     111
     114
      85
     124
     109
     128
     115
     120
     102
     120
      96
     112
     119
     108
      88
     116
     117
     131
     142
      88
     123
     130
     124
      97
     114
     115
     103
     117
     134
     111
     108
     102
     119
     101
     114
     102
     111
     123
      98
     119
     102
     126
     119
     116
     123
     115
     111
     109
     114
     107
     113
     113
     100
     101
     125
     128
      98
     135
     108
     108
     110
     105
     110
     101
     119
     109
     116
     118
      91
     117
     110
     114
     106
     127
     132
     128
     121
     118
     138
     133
     115
     112
     121
     111
     101
     106
     117
     109
     102
     132
     128
      79
     115
     105
     115
     129
     121
     103
      99
     102
     115
     118
     122
      91
     108
      98
     135
     104
     110
     121
     112
     117
     113
     103
     105
     100
      94
     100
     101
      96
     108
     115
     114
     102
     137
     117
     105
     108
     116
     102
     129
     104
     118
     115
     104
     105
     109
      99
     115
     117
     104
      99
     103
     103
     115
     111
     112
     100
     102
     101
     103
     114
     100
     101
     109
     104
     109
     124
     124
      97
     116
     101
     115
      92
     103
     108
     109
     100
     115
     120
     119
     123
     122
     105
     111
     110
     138
     104
     114
     102
     116
     118
     105
     113
     108
     122
     141
     105
     127
     101
     120
     118
     109
     121
      95
     114
     112
     117
     107
     117
     119
     113
     117
     122
     131
     124
     122
     163
     183
     222
     270
     371
     410
     531
     608
     654
     709
     611
     573
     489
     408
     336
     258
     206
     181
     160
     134
     118
     135
     134
     120
     127
     129
     120
     131
     124
     121
     113
     101
      98
     115
     110
     114
     120
     143
     133
      99
     117
     105
     136
     120
     119
     126
     196
     216
     263
     282
     309
     293
     246
     206
     178
     155
     119
     140
     121
     128
      93
     109
     120
     131
     130
     113
     121
     114
     115
     114
      94
      86
     109
     106
     117
     116
     108
     119
     117
     115
     113
     109
     113
     112
     108
     111
     119
     127
      82
     106
     129
      96
     117
     111
     103
     101
     105
     118
      95
      98
     100
     109
     107
     105
     114
      99
     118
      99
     122
     105
     105
     109
     123
      98
     108
      96
     111
     110
      84
     118
      95
     112
     120
      93
     111
     113
     133
     121
     118
     123
     102
     115
     118
     134
     108
     116
     106
     124
     116
     110
     108
     110
     108
      97
     122
     106
     105
     113
     122
     115
     104
      96
     121
     107
     113
     109
     118
     109
     127
     106
     105
     120
     109
     125
      98
     107
     114
     122
     109
     103
     109
     130
     106
      96
     114
     114
     110
     104
      92
     105
     126
      99
     112
      96
     117
     114
     121
     103
     108
     107
     111
     118
     107
     119
     112
     117
     122
      99
     117
      99
     130
     121
     114
     107
     123
     107
     108
     124
     111
     106
     105
     124
      98
     102
     123
     121
     120
     100
     115
     131
     115
     130
     105
     115
     119
     133
     102
     121
     123
     116
      96
     124
      95
     105
     104
     132
     115
     121
     101
     102
     120
     108
     108
     127
     100
     119
     108
     105
     106
     111
     126
     111
     106
     120
     133
     105
     120
     143
     116
     102
     108
     112
     119
     120
     115
     120
     111
     116
      98
     114
     115
     137
     109
     125
     105
     147
     174
     197
     291
     343
     488
     655
     769
     908
     872
     808
     658
     446
     355
     193
     186
     138
     115
     126
     122
     126
     120
     115
     113
     122
     130
      99
     127
     116
     119
     112
     125
     101
      96
     119
     136
      96
     103
     113
     113
     110
      85
     115
     121
     115
     130
     127
     118
     112
     116
     117
     113
     123
     125
     116
     123
     113
     128
     133
     168
     159
     153
     157
     137
     149
     146
     141
     135
     113
     126
     118
     102
     113
     109
     100
     119
     113
     141
     110
     137
     132
     127
     126
     123
     110
      98
     118
     105
     102
     123
     106
     132
     108
     124
     119
     136
     129
      96
     115
     114
     111
     120
     118
     129
     120
     115
      93
     117
     106
     123
     125
     130
     118
      98
     111
     113
     139
     127
     116
     103
     117
     115
     131
      98
     118
     108
     110
     100
     107
      99
     108
     106
     121
     111
     126
     109
     128
     107
     105
      98
     118
     116
     132
     124
     122
     103
     112
     116
     127
     131
     110
     118
     122
     132
     102
     152
     118
     118
     130
     144
     112
     124
     143
     118
     128
     124
     121
     120
     145
     121
     119
     132
     103
     127
     138
     138
     117
     116
     118
     122
     115
     116
     118
     129
     120
     133
     114
     102
     129
     120
     123
      98
     110
     133
     124
     110
     126
     128
     126
     146
     137
     124
     131
     134
     133
     115
     115
     125
     102
     132
     128
     134
     119
     115
     136
     127
     114
     123
     108
     120
     120
     142
     126
     141
     129
     125
     129
     139
     128
     127
     114
     125
     123
     114
     123
     129
     101
     129
     136
     125
     121
     132
     129
     129
     126
     119
     125
     130
     139
     146
     161
     156
     168
     182
     152
     150
     141
     143
     117
     115
     138
     118
     121
     128
     120
     116
     113
     118
     116
     139
     129
     117
     122
     133
     100
     117
     135
     126
     120
     129
     120
     115
     116
     113
     118
     109
     115
     135
     125
     108
     114
     112
     128
     107
     122
     138
     131
     117
     143
     132
     116
     119
     109
     123
     113
     103
     122
     115
     107
     124
     131
     109
     137
     122
     131
     133
     123
     117
     139
     134
     119
     126
     116
     122
     118
     119
     109
     135
     140
     112
     123
     151
     114
     111
     101
     113
     149
     117
     138
     117
     135
     106
     133
     155
      97
     115
     117
     123
     130
     146
     126
     117
     123
     120
     113
     119
     128
     132
     120
     131
     138
     134
     117
     115
     108
     135
     119
     107
     109
     109
     130
     117
     138
     130
     137
     152
     121
     128
     132
     124
     123
     121
     113
     136
     125
     142
     133
     148
     138
     147
     129
     117
     125
     120
     127
     124
     154
     124
     123
     138
     134
     137
     141
     125
     115
     125
     129
     109
     118
     126
     127
     118
     122
     149
     106
     112
     119
     113
     125
     117
     133
     128
     121
     133
     125
     148
     135
     154
     133
     136
     133
     103
     123
     105
     123
     136
     111
     123
     116
     125
     130
     153
     132
     125
     133
     123
     120
     116
     140
     107
     129
     131
     110
     120
     140
     126
     127
     128
     123
     110
     130
     126
     126
     111
     145
     144
     122
     130
     157
     132
     130
     113
     106
     129
     122
     121
     136
     118
     113
     121
     131
     103
     124
     142
     112
     115
     125
     135
     118
     104
     104
     111
     109
     104
      93
      87
     118
      96
      97
     102
     102
      92
     115
     111
      88
      89
     100
      99
     100
      98
      97
      81
     104
      86
     111
      97
     100
      99
      94
      97
      87
      91
      84
      81
      96
      93
      82
     103
      99
      87
      88
     105
      87
      62
     107
      83
      85
      92
      79
      70
      80
      98
      95
      89
      81
      91
      91
      84
      79
      69
      83
      85
      88
      86
      78
     101
      81
      69
      83
      87
      96
      81
      84
      72
      88
      86
      69
      77
      83
      96
      84
      86
      81
      70
      66
      76
      72
      63
      74
      96
      85
      71
      91
      78
      82
      72
      80
      87
      85
      78
      77
      79
      75
      73
      73
      76
      85
      93
      81
      73
      73
      96
      83
      85
      94
      91
      80
      76
      74
      92
      76
      86
      74
      79
      85
      73
      78
      85
      73
      68
      70
      78
      71
      83
      81
      79
      77
      73
      79
      72
      76
      76
      71
      73
      88
      77
      77
      87
      64
      81
      75
      58
      67
      64
      73
      68
      68
      75
      75
      82
      65
      89
      62
      64
      68
      74
      72
      69
      69
      55
      48
      57
      80
      62
      65
      77
      82
     111
     109
     167
     211
     237
     261
     293
     283
     255
     229
     176
     125
     112
      81
      87
      80
      68
      76
      56
      72
      58
      71
      66
      59
      77
      54
      55
      65
      67
      64
      67
      56
      68
      63
      73
      49
      66
      57
      61
      69
      56
      64
      62
      67
      51
      60
      54
      59
      63
      62
      57
      80
      58
      49
      58
      69
      42
      61
      62
      71
      54
      63
      53
      64
      72
      67
      54
      64
      65
      52
      55
      54
      49
      66
      56
      44
      60
      52
      54
      60
      60
      56
      57
      36
      39
      66
      44
      59
      48
      45
      47
      51
      55
      60
      46
      56
      41
      46
      52
      37
      52
      49
      44
      55
      60
      57
      40
      52
      42
      48
      41
      47
      50
      44
      40
      44
      41
      54
      37
      50
      38
      57
      48
      44
      49
      43
      43
      46
      35
      43
      36
      44
      42
      44
      58
      29
      38
      52
      44
      45
      29
      33
      42
      39
      49
      48
      54
      56
      47
      49
      49
      42
      43
      47
      58
      63
      78
     113
     175
     193
     347
     431
     585
     624
     663
     583
     471
     360
     262
     161
     116
      55
      57
      40
      32
      30
      44
      27
      30
      21
      33
      35
      35
      45
      29
      34
      39
      22
      35
      40
      28
      31
      39
      34
      25
      33
      35
      35
      31
      37
      27
      23
      30
      19
      29
      20
      33
      30
      34
      37
      34
      32
      28
      22
      30
      29
      22
      33
      36
      31
      27
      34
      31
      31
      35
      24
      33
      27
      32
      29
      33
      18
      29
      24
      24
      25
      27
      21
      20
      27
      23
      21
      32
      21
      25
      24
      31
      26
      27
      17
      27
      19
      34
      40
      25
      36
      21
      28
      22
      17
      28
      20
      20
      30
      31
      24
      23
      24
      27
      21
      17
      21
      25
      21
      31
      26
      35
      26
      25
      29
      23
      26
      20
      19
      17
      28
      23
      19
      32
      12
      18
      21
      28
      32
      23
      26
      23
      25
      22
      27
      26
      13
      35
      21
      22
      22
      28
      22
      29
      25
      20
      25
      25
      21
      26
      17
      28
      22
      20
      20
      30
      11
      23
      22
      27
      26
      23
      26
      25
      18
      20
      29
      23
      28
      30
      16
      27
      25
      21
      24
      23
      22
      25
      26
      14
      25
      19
      19
       9
      21
      24
      15
      24
      19
      24
      30
      23
      27
      20
      34
      28
      23
      20
      29
      21
      25
      24
      20
      18
      24
      30
      28
      26
      15
      20
      27
      22
      24
      31
      18
      26
      23
      24
      27
      25
      18
      21
      24
      23
      24
      25
      24
      22
      22
      30
      12
      25
      32
      21
      23
      25
      19
      27
      25
      25
      23
      27
      29
      18
      22
      24
      22
      31
      18
      23
      14
      21
      27
      21
      29
      30
      28
      24
      21
      26
      24
      20
      28
      31
      27
      21
      23
      25
      20
      21
      35
      24
      23
      26
      27
      34
      28
      28
      25
      22
      27
      47
      38
      36
      49
      68
      85
     166
     258
     443
     734
    1218
    1975
    2878
    3679
    4815
    5313
    5194
    4720
    3767
    2928
    1827
    1197
     637
     300
     181
      75
      33
       9
       8
      12
       8
       4
       7
       8
      10
       9
      11
      10
      12
       5
      13
       4
       9
       6
      17
      11
       7
       6
      14
       6
       9
       4
      10
       7
       6
       6
      11
       5
       3
       9
      11
       7
       4
       6
       8
       7
       6
      10
      10
      10
       8
       8
      10
       7
      14
      10
       8
       8
      10
       4
       9
      11
       6
       6
       7
       9
       5
      10
       6
       5
       3
       4
      10
       1
       9
       5
       3
       9
       2
       7
      10
      12
       7
      10
      10
       6
      12
      13
       8
       4
       9
       8
       8
       7
       3
       5
      10
       7
       9
       8
       5
       8
      14
      10
       7
      10
       7
      14
       7
      11
       5
       6
       7
       4
      10
       9
      11
       7
       9
      13
      12
      12
       8
       8
      11
      11
       9
       8
       6
       9
      10
      11
      11
       8
       7
       8
      10
       8
       5
      10
      14
       6
       3
       4
       3
       9
       9
       5
       8
       3
      12
       9
       9
       9
       4
       7
       7
       4
      10
       7
       6
      11
      11
       8
       5
       5
      12
      12
       5
       7
      10
       8
      11
       7
       3
       9
       8
       9
      12
      11
       8
       9
       8
      12
      11
      10
      13
       7
       8
       7
       4
       8
       6
      11
       9
       9
       7
      13
      10
       8
       8
       7
       5
       4
       5
      16
       5
      10
       5
      12
       9
      18
      17
      15
       9
      10
      11
      12
       5
      11
      15
       9
       2
       6
       2
      13
      11
       5
       9
       7
       7
       7
      15
       5
       8
       5
       8
       9
       7
       2
       7
       7
      11
       5
       5
       8
      10
       8
       3
       8
       4
       2
      12
       6
       7
       7
       8
       5
      11
       4
       4
       7
      11
       8
       7
       6
       9
       6
       9
       7
       3
       4
       8
       3
       5
       9
       6
       8
       5
       7
       6
       7
       7
       4
       8
      11
       8
       4
       7
       3
      11
      11
       7
      11
       6
       8
      13
       5
       6
       6
      13
       5
       5
       7
       4
       8
       3
       9
       8
      10
       8
       4
       6
      12
       8
      12
       7
      12
       5
      11
      10
      10
       0
       4
       3
      10
       2
       5
       6
      10
       8
       5
       5
       4
       8
       7
       6
       7
       3
       4
       8
       7
       6
       8
       9
       6
       7
      11
       2
       8
       7
       3
       6
       7
       6
       6
       8
       7
       7
      12
      10
       9
      10
       4
       8
       6
       8
       5
      11
      10
       5
      10
       7
       7
       7
      11
      10
       7
       7
       6
      11
       4
       8
       7
      10
       5
       8
       7
      12
       4
       7
       9
       8
       6
      12
       8
       5
       3
       5
       6
       8
       8
       4
       3
       7
       4
       3
       6
       5
       5
       6
       7
       9
       7
       6
       7
       7
       4
      12
      13
      12
      10
      10
       9
      10
      11
       5
      10
       7
       6
       6
      11
       2
       7
       7
       2
       3
       2
       3
       3
       9
       6
       6
       3
       7
       9
       6
       9
       7
       8
       7
      11
       7
       9
       3
       4
       6
      10
       9
       7
       5
       6
      10
       5
       6
       9
       6
       6
       7
       6
       6
       8
       9
       8
       5
      11
       6
       7
      14
       6
       6
       6
       5
       7
      11
       2
       6
       6
       3
       6
       8
       7
       7
       9
       7
       2
       3
       8
       3
       7
       8
       3
       5
       6
       5
       7
       7
       6
       4
       4
       6
       3
       2
       2
       8
       8
       7
       4
       7
       4
       9
       8
      10
       5
       9
       8
       7
       7
      10
       5
       3
       5
       8
       6
       2
       6
       6
       7
       5
       9
       6
       5
       3
      10
       4
       6
       6
      12
       5
       7
       5
       8
       5
       7
      10
       9
      10
      11
       5
       8
       6
       9
       2
       5
      10
       3
       9
       7
       8
       7
       4
       2
      10
       5
       2
       7
       9
      10
       4
       7
       5
       4
       2
       4
       7
       7
      11
       7
       9
       8
       5
       8
       7
       7
       8
       7
       9
       9
       8
       2
       6
       9
       6
       9
       4
       7
       6
       4
       4
       4
       8
       8
      10
       6
       7
       8
       5
       8
       3
       5
      10
       9
       6
       5
       9
       8
       5
       9
       7
       7
      13
      13
       7
       9
       7
       5
       7
       8
       8
       9
       6
       3
      10
       4
       8
       9
       5
       5
       4
      11
       3
       9
       5
       4
       6
      10
       5
       9
       6
       5
      11
       6
       6
       4
       4
      11
       8
       6
      16
       4
       6
      10
       5
       7
       7
       8
       5
       4
       6
       9
       7
       7
       7
       9
      15
       0
       7
       5
       5
       8
       8
       5
      10
       4
       7
       3
       4
       9
       9
       5
       3
       6
       5
       4
       5
       6
      10
       8
      10
       7
       6
      10
       7
       3
       9
       5
      12
       7
       3
       3
       8
      12
      13
       4
       9
      11
       9
       6
       5
       5
       8
      10
       7
       4
      14
       8
       9
       3
       9
       8
       2
       7
       6
       9
       7
      12
      10
      16
      14
       8
       7
       9
      10
      11
      10
      17
      24
      23
      35
      35
      81
     132
     264
     425
     691
     992
    1375
    2409
    6284
   22073
   84211
  236675
  361133
  276101
  109486
   27807
    6605
    1545
     326
      86
      62
      45
      57
      41
      33
      38
      36
      43
      45
      29
      34
      40
      28
      28
      33
      33
      33
      36
      24
      27
      22
      23
      29
      24
      27
      30
      30
      29
      20
      20
      21
      27
      26
      26
      22
      21
      21
      23
      15
      26
      22
      22
      22
      18
      19
      15
      18
      21
      18
      23
      15
      18
      28
      33
      28
      15
      20
      28
      23
      20
      16
      22
      17
      16
      14
      16
      24
      22
      19
      14
      22
      11
      16
      22
      23
      20
      19
      19
      16
      21
      18
      22
      10
      13
      12
      15
      20
      13
      18
      13
      15
      15
      19
      14
      19
      11
      13
      14
      20
      19
      14
      11
      16
      16
      17
      14
       9
      10
      14
      19
       9
      21
      10
      12
      12
      12
      10
      14
      17
      14
      13
       6
      15
      16
      14
      12
      10
      20
      11
      13
      24
      10
      14
      18
      15
      10
      21
      18
      13
      15
      15
      14
       0
       0
       0
       0
       0
       0
       0
       0
       0
       0
       0
       0
       0
       0
       0
       0
       0
       0
       0
       0
       0
       0
       0
       0
       0
       0
       0
       0
       0
       0
       0
       0
       0
       0
       0
       0
       0
       0
       0
       0
       0
       0
       0
       0
       0
       0
       0
       0
       0
       0
       0
       0
       0
       0
       0
       0
       0
       0
       0
       0
       0
       0
       0
       0
       0
       0
       0
       0
       0
       0
       0
       0
       0
       0
       0
       0
       0
       0
       0
       0
       0
       0
       0
       0
       0
       0
       0
       0
       0
       0
       0
       0
       0
       0
       0
       0
       0
       0
       0
       0
       0
       0
       0
       0
       0
       0
       0
       0
       0
       0
       0
       0
       0
       0
       0
       0
       0
       0
       0
       0
       0
       0
       0
       0
       0
       0
       0
       0

