       0
       0
       0
       0
       0
       0
       0
       0
       0
       0
       0
       0
       0
       0
       0
       0
       0
       0
       0
       0
       0
       0
       0
       0
       0
       0
       0
       0
       0
       0
       0
       0
       0
       0
       0
       0
       0
       0
       0
       0
       0
       0
       0
       0
       0
       0
       0
       0
       5
       8
    3326
   23074
   22308
   21519
   22094
   22816
   23915
   24625
   25004
   25105
   26062
   25471
   25259
   25035
   24661
   24786
   24234
   24201
   23770
   23934
   23521
   23391
   23473
   23378
   23122
   22841
   23047
   22837
   22673
   22809
   22599
   22581
   22606
   22343
   22204
   22450
   22149
   22127
   21795
   21994
   21836
   21673
   21782
   21795
   21628
   21431
   21279
   21190
   21541
   21023
   21141
   21417
   21076
   20779
   20985
   21131
   20733
   20810
   20950
   21059
   20796
   20643
   20367
   20435
   20594
   20469
   20424
   20446
   20366
   20189
   20195
   20370
   20315
   20310
   20234
   20046
   19980
   20026
   20207
   19876
   19900
   19881
   20015
   19962
   19760
   19780
   19637
   19522
   19521
   19844
   19668
   19685
   19937
   19896
   19734
   19307
   19722
   19835
   19743
   19447
   19554
   19744
   19706
   19665
   19529
   19638
   19669
   19536
   19766
   19611
   19838
   20029
   20067
   19671
   19932
   20182
   20054
   20076
   20085
   20226
   20345
   20307
   20401
   20547
   20900
   20748
   21169
   21071
   20978
   21201
   21325
   21539
   21391
   21880
   21985
   21813
   21917
   21829
   22230
   22489
   22727
   22552
   22731
   22839
   23002
   23259
   23482
   23337
   23786
   24082
   24475
   24367
   24944
   25000
   25902
   27507
   28088
   27044
   25906
   25898
   26581
   28269
   29317
   28466
   26481
   25963
   25930
   25885
   26177
   26505
   26439
   26459
   26712
   26967
   27247
   27124
   27499
   27515
   27392
   27550
   28355
   28336
   29128
   29070
   28746
   28959
   28773
   28826
   29764
   31047
   31219
   30646
   29906
   29517
   29630
   29914
   30423
   30841
   30393
   30262
   30352
   30030
   30332
   31192
   31423
   32042
   31732
   31473
   31315
   31272
   30627
   30855
   30769
   31020
   30897
   30816
   31151
   31255
   31258
   31368
   31600
   31756
   31580
   31596
   31926
   31613
   31705
   32064
   31692
   31961
   31882
   31799
   32241
   31651
   32205
   31865
   32371
   32564
   32466
   32411
   32855
   32484
   32613
   32563
   32605
   32871
   32456
   32277
   32760
   32704
   33009
   32694
   33108
   32748
   32722
   32714
   32694
   32946
   32821
   32765
   32831
   32732
   32901
   33028
   32926
   33188
   33147
   32990
   32842
   33025
   32770
   32707
   32940
   32455
   32911
   32762
   33021
   32576
   33058
   32831
   32902
   32550
   32817
   32831
   32804
   33023
   32722
   32740
   32749
   32755
   32389
   32706
   32894
   33307
   32908
   32807
   32801
   32450
   32715
   32619
   32549
   32344
   32883
   33197
   33094
   33107
   32806
   32236
   32379
   32157
   31986
   32118
   32068
   32299
   31862
   31799
   31618
   31818
   32216
   31573
   31653
   31748
   31620
   31695
   31664
   31533
   31287
   31489
   31083
   31286
   31455
   31306
   31410
   31293
   31170
   31212
   31028
   30954
   31044
   31034
   30670
   30443
   30587
   30975
   30678
   30862
   30624
   30246
   30331
   30309
   30138
   30108
   30080
   30124
   29796
   30303
   30177
   29823
   29603
   29539
   29591
   29665
   29514
   29501
   29382
   29941
   29523
   29629
   29155
   29398
   28971
   29442
   28970
   29236
   29259
   28896
   28632
   28814
   28797
   28747
   28840
   28458
   28300
   28253
   28334
   28216
   28043
   28016
   28251
   27815
   27948
   27710
   27770
   27561
   27543
   27528
   27730
   27577
   27376
   27524
   27105
   27138
   26815
   27021
   26941
   27160
   27145
   26575
   27118
   26926
   26814
   26792
   26493
   26569
   26612
   26407
   26343
   26229
   25994
   26437
   26103
   26125
   26265
   25952
   26162
   26117
   25875
   25787
   25880
   25827
   25820
   25436
   25149
   25781
   25613
   25393
   25379
   25321
   25213
   25051
   25013
   25325
   24908
   24965
   25058
   24996
   25009
   24988
   24596
   24205
   24878
   24579
   24622
   24821
   24759
   24741
   24633
   24803
   25189
   26151
   26946
   27224
   25880
   24348
   24089
   23925
   24087
   23876
   23999
   24020
   23894
   23801
   23690
   23950
   23548
   23770
   23618
   23656
   23433
   23182
   23406
   23561
   23152
   23142
   23000
   23191
   23105
   23204
   23143
   23003
   23000
   23032
   23076
   22972
   22833
   22737
   23065
   22653
   22686
   22712
   22542
   22572
   22683
   22597
   22635
   22749
   22570
   22372
   22534
   22556
   22625
   22541
   22472
   22628
   22676
   22380
   22571
   22563
   22731
   22516
   22831
   23229
   23392
   24170
   24808
   24641
   23825
   23426
   23177
   23231
   23253
   23531
   23370
   23320
   23354
   23434
   23525
   23413
   23337
   23558
   23832
   23523
   23568
   23403
   23509
   23293
   23177
   23144
   23189
   23170
   23149
   22641
   22566
   22662
   22572
   22407
   22536
   22467
   22258
   22045
   22153
   22031
   21743
   21667
   21809
   21604
   21402
   21343
   21341
   21331
   21074
   21184
   20902
   20777
   20883
   20646
   20729
   20646
   20641
   20174
   20441
   20306
   20453
   19953
   20108
   19969
   19754
   19901
   19818
   19630
   19633
   19545
   19548
   19661
   19404
   19855
   19605
   19381
   19950
   19681
   19630
   20171
   23148
   29328
   35880
   36805
   30689
   23881
   19811
   19083
   19436
   20592
   21072
   21573
   21407
   20352
   18811
   18167
   17887
   17646
   17736
   17585
   17598
   17236
   17501
   17389
   17312
   17115
   17179
   17234
   17358
   17417
   17122
   17201
   17111
   16796
   16739
   16815
   16847
   16949
   16821
   16705
   16962
   16838
   16765
   16515
   16579
   16454
   16572
   16635
   16494
   16345
   16420
   16425
   16345
   16351
   16099
   16244
   16284
   16453
   16395
   16386
   16387
   16152
   15932
   15803
   15912
   15992
   15700
   15865
   15830
   15834
   15572
   15782
   15789
   15443
   15566
   15554
   15544
   15561
   15824
   15653
   15535
   15517
   15533
   15183
   15512
   15418
   15888
   16091
   16365
   16637
   16501
   15698
   15564
   14984
   15150
   15094
   15102
   15066
   15076
   14925
   14895
   14941
   14873
   14875
   14750
   14679
   14922
   15179
   15407
   15528
   15242
   14790
   14708
   14469
   14556
   14588
   14400
   14569
   14192
   14497
   14343
   14329
   14091
   14348
   14173
   14280
   14291
   14239
   14183
   14123
   13981
   14220
   14112
   14206
   14064
   14209
   14015
   14191
   14165
   14085
   13867
   14056
   13888
   13792
   13944
   13813
   13826
   13748
   13776
   13805
   13697
   13638
   13854
   13980
   14364
   15290
   17879
   20671
   21203
   18726
   15660
   14056
   13458
   13238
   13219
   13199
   13201
   13439
   13695
   13966
   14114
   14536
   14436
   13758
   13190
   13306
   12948
   13128
   13155
   13021
   12989
   13014
   13172
   12940
   13070
   12800
   12764
   13163
   12999
   12857
   13042
   12809
   12797
   13024
   12539
   12658
   12919
   13226
   13580
   14012
   13811
   13582
   13071
   12963
   12868
   12774
   12557
   12654
   12706
   12621
   12635
   12754
   12603
   12604
   12551
   12557
   12477
   12526
   12357
   12502
   12535
   12504
   12408
   12494
   12406
   12444
   12496
   12292
   12427
   12366
   12134
   12395
   12366
   12395
   12366
   12341
   12220
   12351
   12335
   12112
   12544
   12036
   12481
   12255
   12364
   12586
   13052
   13064
   13278
   12775
   12217
   12303
   12294
   12120
   12201
   12241
   12188
   11940
   12002
   12012
   12051
   12019
   11978
   11871
   11775
   11679
   11792
   11885
   12021
   11821
   11883
   11681
   12119
   13059
   14425
   15604
   15959
   14550
   13209
   11951
   11673
   11784
   11736
   11907
   11614
   11566
   11521
   11411
   11452
   11590
   11514
   11756
   11704
   11715
   11582
   11582
   11526
   11402
   11499
   11487
   11467
   11433
   11451
   11569
   11415
   11488
   11306
   11402
   11711
   12319
   14227
   17927
   22885
   25154
   22307
   16797
   12964
   11664
   10977
   10815
   10819
   10790
   10727
   10920
   10926
   10963
   10792
   10875
   10793
   10759
   10865
   10964
   10848
   10672
   10583
   10592
   10623
   10669
   10868
   10702
   10575
   10700
   10666
   10558
   10622
   10607
   10679
   10697
   10538
   10425
   10396
   10662
   10575
   10585
   10550
   10440
   10687
   10533
   10417
   10651
   10595
   10358
   10347
   10437
   10382
   10302
   10474
   10270
   10391
   10549
   10395
   10457
   10457
   10300
   10423
   10297
   10352
   10391
   10274
   10437
   10306
   10202
   10343
   10374
   10321
   10195
   10334
   10268
   10250
   10194
   10263
   10160
   10303
   10152
   10030
   10318
   10312
   10230
    9921
   10112
   10254
   10244
   10131
    9941
   10152
   10285
   10140
   10063
   10285
   10323
   10087
   10118
   10038
   10186
   10110
   10205
   10066
    9737
    9806
   10001
   10001
    9988
   10001
    9999
    9860
    9737
    9731
    9869
    9880
   10018
    9969
    9779
    9719
    9770
   10017
    9803
    9759
    9918
    9851
    9721
    9709
    9770
    9879
    9788
    9600
    9696
    9747
    9577
    9844
    9871
    9791
    9768
    9658
    9687
    9790
    9608
    9686
    9827
    9916
    9719
    9584
    9378
    9674
    9474
    9566
    9565
    9577
    9479
    9682
   10122
   10024
    9983
    9845
    9548
    9541
    9452
    9657
    9365
    9529
    9468
    9436
    9384
    9397
    9544
    9643
    9477
    9488
    9305
    9459
    9496
    9269
    9266
    9468
    9291
    9529
    9342
    9390
    9346
    9245
    9170
    9405
    9284
    9213
    9408
    9298
    9247
    9332
    9284
    8976
    9410
    9296
    9099
    9250
    9093
    9195
    9170
    9255
    9210
    9104
    9097
    9085
    9140
    9165
    9121
    8969
    9163
    9043
    9016
    8965
    8888
    9221
    8960
    8979
    9043
    8954
    9042
    9016
    8928
    9016
    9007
    8971
    9053
    9009
    8873
    8924
    8954
    8966
    9117
    8863
    8983
    9112
    9140
    9067
    8996
    8909
    8940
    9005
    8963
    8900
    9006
    8655
    8659
    8573
    8746
    8817
    8721
    8860
    8724
    8900
    8711
    8745
    8852
    8788
    8804
    8817
    8610
    8770
    8730
    8865
    8745
    8751
    8546
    8812
    8773
    8644
    8678
    8588
    8915
    8819
    8904
    8775
    8615
    8637
    8662
    8665
    8684
    8734
    8641
    8627
    8643
    8518
    8598
    8661
    8659
    8603
    8651
    8585
    8672
    8587
    8470
    8603
    8570
    8681
    8801
    8993
    9119
    9664
    9957
    9778
    9460
    8873
    8519
    8549
    8363
    8504
    8489
    8496
    8437
    8536
    8415
    8363
    8358
    8552
    8427
    8399
    8501
    8498
    8424
    8483
    8463
    8503
    8386
    8460
    8521
    8481
    8237
    8449
    8495
    8458
    8342
    8411
    8232
    8350
    8297
    8350
    8453
    8333
    8332
    8408
    8363
    8357
    8253
    8257
    8512
    8445
    8285
    8575
    8103
    8231
    8463
    8506
    8257
    8307
    8400
    8350
    8282
    8160
    8160
    8137
    8136
    8323
    8213
    8477
    8237
    8279
    8383
    8442
    8113
    8192
    8122
    8071
    8187
    8108
    8167
    8155
    8357
    8234
    8120
    8200
    8102
    8105
    8133
    8209
    8332
    8162
    8249
    8075
    8154
    8059
    8381
    8109
    8080
    8209
    8196
    8202
    8063
    8303
    8146
    8172
    8187
    8026
    8338
    8216
    8063
    8094
    8043
    8093
    8097
    8132
    8169
    8125
    8049
    7994
    8057
    8146
    8100
    8110
    8115
    8074
    8182
    8500
    8585
    8705
    9106
    9552
   10450
   11401
   12594
   12889
   12475
   11437
   10413
    9711
    9058
    8863
    8273
    8226
    8186
    7908
    8048
    7991
    8034
    8102
    7914
    7987
    7928
    7992
    7991
    7956
    7898
    7992
    7882
    7887
    7997
    7864
    7919
    8031
    7908
    7866
    7867
    7957
    7964
    8047
    8010
    7862
    7948
    7736
    7666
    8021
    7767
    7871
    7707
    7835
    7917
    7869
    7770
    7856
    7968
    7644
    7851
    7818
    7973
    7820
    7612
    7836
    7869
    7792
    8026
    7958
    7673
    7664
    7830
    7881
    7896
    7835
    7963
    7574
    7832
    7658
    7757
    7834
    7721
    7760
    7903
    7819
    7620
    7906
    7823
    7855
    7726
    7820
    7743
    7676
    7763
    7832
    7858
    8057
    7554
    7638
    7689
    7737
    7700
    7823
    7794
    7886
    7886
    7781
    7898
    7849
    7784
    7821
    7636
    7764
    7719
    7781
    7946
    7886
    7616
    7671
    7666
    7783
    7747
    7921
    7731
    7688
    7880
    7678
    7725
    7610
    7739
    7791
    7671
    7745
    7543
    7707
    7812
    7660
    7622
    7698
    7920
    7716
    7835
    7583
    7640
    7682
    7614
    7733
    7903
    8013
    7909
    7956
    7863
    7675
    7687
    7807
    7825
    7571
    7758
    7697
    7683
    7626
    7764
    7783
    7672
    7717
    7681
    7672
    7680
    7726
    7454
    7788
    7784
    7725
    7676
    7579
    7670
    7779
    7744
    7710
    7593
    7875
    7604
    7685
    7682
    7642
    7870
    7673
    7591
    7575
    7607
    7541
    7673
    7618
    7829
    7853
    7743
    7806
    7839
    7937
    8010
    7753
    7954
    8520
    9719
   12170
   14740
   16454
   15788
   13320
   10284
    8553
    8073
    7588
    7567
    7574
    7435
    7409
    7698
    7497
    7603
    7741
    7559
    7634
    7506
    7436
    7532
    7574
    7666
    7446
    7640
    7531
    7704
    7592
    7516
    7554
    7585
    7632
    7475
    7625
    7508
    7546
    7592
    7629
    7528
    7510
    7478
    7550
    7562
    7533
    7557
    7563
    7635
    7495
    7379
    7629
    7411
    7350
    7606
    7606
    7516
    7480
    7430
    7600
    7652
    7667
    7605
    7465
    7641
    7429
    7685
    7625
    7579
    7953
    8389
    9424
   11897
   16059
   19235
   20502
   17897
   13687
   10041
    8190
    7644
    7573
    7380
    7403
    7429
    7472
    7401
    7337
    7418
    7491
    7456
    7406
    7435
    7436
    7353
    7498
    7459
    7412
    7427
    7221
    7370
    7512
    7400
    7484
    7614
    7490
    7314
    7423
    7386
    7395
    7431
    7431
    7447
    7450
    7521
    7404
    7352
    7274
    7376
    7395
    7460
    7466
    7389
    7366
    7423
    7487
    7408
    7377
    7495
    7388
    7433
    7453
    7353
    7533
    7416
    7579
    7502
    7412
    7346
    7572
    7434
    7356
    7464
    7300
    7491
    7395
    7384
    7564
    7402
    7424
    7425
    7388
    7355
    7564
    7336
    7479
    7509
    7340
    7353
    7458
    7481
    7398
    7381
    7671
    7380
    7384
    7466
    7601
    7446
    7546
    7463
    7442
    7512
    7488
    7461
    7409
    7266
    7363
    7511
    7555
    7295
    7334
    7391
    7318
    7530
    7322
    7499
    7573
    7439
    7453
    7425
    7446
    7413
    7131
    7279
    7432
    7440
    7367
    7624
    7370
    7347
    7546
    7444
    7485
    7520
    7458
    7513
    7414
    7490
    7290
    7409
    7445
    7417
    7537
    7656
    7691
    7808
    7789
    8349
    8040
    7863
    7767
    7586
    7491
    7606
    7721
    7648
    7719
    8033
    7786
    7841
    7658
    7557
    7306
    7576
    7467
    7420
    7393
    7540
    7345
    7513
    7339
    7586
    7382
    7367
    7471
    7350
    7384
    7311
    7414
    7442
    7474
    7451
    7436
    7475
    7514
    7520
    7573
    7316
    7539
    7469
    7506
    7630
    7496
    7430
    7552
    7405
    7558
    7468
    7560
    7582
    7547
    7500
    7429
    7448
    7398
    7482
    7487
    7619
    7529
    7427
    7380
    7461
    7315
    7585
    7447
    7502
    7622
    7492
    7445
    7410
    7578
    7469
    7514
    7673
    7681
    7473
    7548
    7388
    7471
    7592
    7563
    7651
    7505
    7543
    7508
    7492
    7523
    7413
    7553
    7544
    7461
    7502
    7489
    7474
    7649
    7625
    7580
    7548
    7633
    7491
    7472
    7563
    7618
    7635
    7657
    7433
    7693
    7544
    7693
    7797
    7573
    7757
    7565
    7667
    7510
    7532
    7472
    7569
    7463
    7516
    7617
    7579
    7695
    7599
    7602
    7692
    7642
    7795
    7596
    7613
    7519
    7527
    7743
    7658
    7637
    7614
    7649
    7418
    7704
    7488
    7578
    7549
    7703
    7565
    7579
    7668
    7433
    7692
    7604
    7559
    7582
    7605
    7744
    7704
    7619
    7623
    7682
    7704
    7686
    7721
    7695
    7663
    7871
    7578
    7527
    7610
    7761
    7571
    7705
    7656
    7706
    7788
    7692
    8003
    8241
    9013
    9373
    9374
    9019
    8598
    8203
    7759
    7662
    7769
    7580
    7687
    7792
    7518
    7786
    7733
    7617
    7737
    7782
    7660
    7721
    7713
    7752
    7723
    7560
    7719
    7659
    7551
    7889
    7625
    7680
    7678
    7708
    7912
    7785
    7754
    7630
    7723
    7878
    7649
    7581
    7736
    7791
    7829
    7548
    7738
    7662
    7955
    7756
    7662
    7861
    7651
    7638
    7697
    7731
    7637
    7726
    7758
    7683
    7814
    7866
    7719
    7699
    7802
    7731
    7665
    7750
    7818
    7728
    7870
    7867
    7793
    7802
    7752
    7729
    7939
    8030
    7934
    7942
    8053
    8128
    7884
    7918
    7845
    7886
    7875
    7758
    7681
    7712
    7773
    7817
    7779
    7684
    7650
    7912
    7586
    7884
    7906
    7899
    7884
    7998
    7830
    8180
    7977
    8120
    8082
    7896
    7968
    7944
    7885
    7992
    8096
    8122
    8469
    8885
    9079
    9117
    8748
    8392
    8082
    7997
    8135
    8037
    7836
    8136
    8328
    8363
    8204
    8191
    8026
    7981
    7904
    7903
    8043
    7873
    7812
    7872
    7917
    7906
    7980
    7932
    7981
    7867
    7967
    8032
    8023
    7951
    8006
    7918
    8036
    8030
    8010
    8159
    8128
    8301
    8190
    8039
    8122
    8158
    8275
    8168
    8427
    8594
    8514
    8453
    8315
    8253
    8496
    8383
    8659
    8972
    9396
    9038
    8854
    8491
    8225
    7860
    7917
    8054
    8057
    8087
    8015
    8154
    8060
    8392
    8452
    8640
    8968
    9224
    8932
    8808
    8577
    8270
    8128
    8106
    8149
    8113
    7987
    8207
    8088
    8033
    8282
    8048
    8150
    8126
    8282
    8013
    8278
    8179
    8276
    8187
    8098
    8221
    8209
    8151
    8395
    8054
    8400
    8323
    8524
    8608
    8355
    8295
    8244
    8231
    8377
    8217
    8303
    8257
    8242
    8204
    8129
    8153
    8267
    8442
    8144
    8274
    8381
    8260
    8243
    8441
    8215
    8335
    8348
    8197
    8370
    8323
    8502
    8280
    8371
    8368
    8448
    8362
    8538
    8516
    8720
    9055
    9057
    9153
    9406
    9656
    9523
    9378
    9051
    9116
    8765
    8876
    8650
    8646
    8576
    8467
    8519
    8543
    8542
    8645
    8522
    8508
    8517
    8490
    8472
    8533
    8560
    8448
    8653
    8577
    8733
    8666
    8717
    8615
    8601
    8413
    8619
    8560
    8548
    8633
    8462
    8606
    8717
    8896
    9013
    8999
    8872
    8878
    8879
    8652
    8783
    8784
    8757
    8705
    8818
    8916
    8976
    8840
    8939
    8881
    8724
    8796
    8707
    8691
    8702
    8833
    8737
    8700
    8726
    8631
    8840
    8661
    8828
    8789
    8949
    8955
    8943
    8841
    8842
    8838
    8783
    8751
    8807
    8858
    8736
    8894
    8960
    8934
    8907
    8839
    8857
    9122
    8846
    9203
    9066
    8831
    9013
    8935
    9069
    9057
    8996
    8922
    9013
    9187
    9133
    9006
    8939
    8989
    9445
    9241
    9598
    9835
    9976
   10185
    9953
    9833
    9437
    9090
    9283
    9233
    9142
    9235
    9107
    9219
    9227
    9186
    9425
    9211
    9305
    9374
    9190
    9344
    9236
    9249
    9318
    9304
    9374
    9212
    9424
    9416
    9461
    9265
    9287
    9403
    9234
    9408
    9409
    9547
    9378
    9470
    9534
    9529
    9664
    9469
    9600
    9423
    9484
    9466
    9595
    9653
    9576
    9790
    9412
    9591
    9524
    9541
    9566
    9662
    9631
    9595
    9591
    9560
    9739
    9580
    9615
    9784
    9519
    9864
    9810
    9686
    9878
    9753
    9792
    9716
    9816
    9770
    9667
    9860
    9780
   10031
    9776
    9824
    9985
    9911
    9953
   10143
   10038
   10008
   10084
   10110
    9978
   10057
   10065
   10102
   10277
   10060
   10171
   10159
    9987
   10144
   10069
    9899
   10075
   10134
   10165
   10272
   10212
   10113
   10208
   10191
   10389
   10240
   10285
   10390
   10380
   10285
   10266
   10347
   10553
   10411
   10298
   10511
   10602
   10835
   10509
   10467
   10305
   10479
   10496
   10413
   10285
   10344
   10602
   10754
   10673
   10949
   10997
   11544
   12602
   14161
   15661
   16970
   16545
   15356
   13421
   12165
   11220
   10919
   10751
   10699
   10654
   10824
   10619
   10469
   10692
   10560
   10590
   10717
   10658
   10825
   10728
   11046
   10705
   10708
   11113
   11014
   10970
   10865
   10900
   10932
   10951
   10832
   11014
   10939
   10935
   10971
   11086
   11159
   11147
   11052
   11109
   11176
   11358
   11084
   11175
   11234
   11298
   11073
   11137
   11080
   11253
   11297
   11237
   11334
   11209
   11271
   11403
   11305
   11266
   11377
   11419
   11625
   11837
   11832
   12178
   12044
   11898
   11681
   11479
   11563
   11392
   11627
   11747
   11438
   11704
   11665
   11446
   11552
   11507
   11349
   11488
   11725
   11593
   11710
   11578
   11808
   11705
   11682
   11696
   11610
   11609
   11631
   11937
   11780
   11784
   11774
   11864
   11768
   11942
   11931
   11742
   11870
   11936
   11898
   11982
   12319
   12171
   11968
   12222
   12089
   12152
   12124
   12001
   11939
   12172
   12115
   12177
   11854
   11856
   11976
   11749
   11860
   11702
   11745
   11753
   11703
   11747
   11689
   11639
   11756
   11715
   11655
   11763
   11518
   11668
   11465
   11531
   11425
   11387
   11268
   11051
   11027
   11033
   10902
   11061
   11348
   11208
   11408
   11668
   11312
   10973
   10484
   10107
   10024
   10169
   10259
   10976
   11778
   12498
   13167
   13033
   12404
   11520
   10409
    9856
    9493
    9314
    9352
    9204
    9442
    9161
    9093
    9191
    9107
    9092
    9306
    9164
    9177
    9072
    9163
    9108
    9055
    9100
    9098
    8909
    8961
    8826
    9169
    9014
    8954
    9028
    9071
    8947
    8944
    8943
    8883
    8940
    8803
    8885
    8828
    8731
    9161
    8827
    8888
    8842
    8673
    9090
    8823
    8819
    9060
    8847
    8789
    8870
    8820
    9021
    8871
    8829
    8738
    8729
    8804
    8832
    8744
    8487
    8697
    8667
    8762
    8456
    8705
    8556
    8732
    8793
    8645
    8600
    8716
    8678
    8579
    8686
    8556
    8576
    8673
    8764
    8484
    8637
    8452
    8710
    8676
    8882
    8847
    8791
    8674
    8666
    8588
    8578
    8584
    8517
    8712
    8377
    8406
    8565
    8462
    8406
    8517
    8475
    8494
    8398
    8452
    8483
    8306
    8415
    8538
    8347
    8629
    8521
    8372
    8526
    8354
    8354
    8535
    8451
    8248
    8398
    8450
    8473
    8425
    8504
    8244
    8358
    8211
    8465
    8474
    8118
    8195
    8375
    8396
    8480
    8296
    8289
    8103
    8186
    8261
    8211
    8216
    8367
    8431
    8270
    8024
    8387
    8236
    8105
    8164
    8214
    8323
    8192
    8132
    8115
    8092
    8147
    8273
    8193
    8303
    8216
    8003
    8231
    8099
    7986
    8225
    7982
    8136
    8146
    8203
    7974
    8006
    7976
    8069
    8173
    8119
    8139
    8144
    8047
    8105
    8067
    8005
    8045
    7965
    7972
    8074
    8155
    8081
    7832
    7953
    7862
    7852
    7835
    8105
    7976
    7780
    7842
    8004
    7923
    7928
    7846
    7956
    7767
    7942
    7834
    7822
    7731
    7799
    7860
    7888
    7803
    7886
    7753
    7810
    7887
    7692
    7655
    8017
    8017
    7921
    7951
    7923
    8082
    7884
    7716
    7793
    7946
    7967
    7684
    7793
    7723
    7821
    7794
    7787
    7690
    7647
    7899
    7877
    7768
    7772
    7733
    7677
    7827
    7702
    7775
    7789
    7744
    7710
    7745
    7628
    7794
    7848
    7743
    7975
    7632
    7598
    7623
    7895
    7766
    7795
    7766
    7737
    7881
    7852
    7824
    7756
    7759
    7893
    7877
    7820
    7885
    7757
    7870
    8079
    7933
    7759
    7832
    7921
    7978
    7834
    7772
    7821
    7722
    7804
    7692
    7797
    7845
    7826
    7856
    7965
    7774
    7772
    7798
    7892
    7704
    8065
    7672
    7953
    7836
    7931
    8220
    7969
    7882
    8018
    8043
    8065
    7786
    8060
    8016
    7807
    7844
    8025
    7952
    7933
    7918
    8019
    8021
    7964
    7942
    8153
    8053
    8095
    7874
    8115
    8137
    7936
    8012
    8078
    8112
    8066
    8284
    8078
    8064
    8188
    8153
    7907
    8082
    8188
    8095
    8052
    7980
    8185
    8190
    8244
    8183
    8136
    8278
    8113
    8120
    8329
    8271
    8207
    8124
    8256
    8153
    8279
    8072
    8168
    8201
    8171
    8203
    7999
    8136
    8258
    8184
    8334
    8247
    8206
    8200
    8131
    8048
    8250
    8298
    8335
    8191
    8257
    8135
    8179
    8350
    8231
    8175
    7908
    8334
    8256
    8119
    8241
    8147
    8209
    8282
    8218
    8074
    8067
    8078
    7962
    8053
    7983
    7642
    7825
    7738
    7756
    7683
    7687
    7583
    7619
    7439
    7306
    7364
    7211
    7224
    7362
    7723
    8323
    8786
    9516
    9543
    9470
    8274
    7600
    6982
    6559
    6271
    6247
    6066
    6052
    6100
    5941
    5979
    6086
    5857
    5876
    5838
    5676
    5734
    5808
    5683
    5687
    5762
    5649
    5667
    5644
    5723
    5703
    5643
    5594
    5566
    5486
    5621
    5474
    5569
    5527
    5464
    5647
    5609
    5544
    5595
    5420
    5392
    5520
    5312
    5274
    5268
    5292
    5444
    5325
    5206
    5351
    5317
    5331
    5246
    5298
    5276
    5322
    5114
    5104
    5257
    5123
    5181
    5236
    5068
    5261
    5083
    5132
    5295
    5151
    5121
    5179
    5124
    5142
    5137
    5115
    5061
    5166
    5010
    4982
    4939
    4969
    4986
    5258
    4955
    5048
    5058
    5087
    5019
    5190
    4995
    5047
    5061
    5221
    5218
    5352
    5182
    5246
    5264
    4943
    4870
    4889
    5045
    4897
    4899
    5062
    4821
    4843
    4896
    4872
    4879
    4973
    4833
    4994
    4801
    4895
    4879
    4722
    4837
    4851
    4827
    4927
    4907
    4916
    4966
    4914
    4921
    5067
    5060
    4961
    5217
    5136
    5423
    5660
    6666
    8109
   11081
   17417
   29129
   53356
   97956
  168319
  264213
  369469
  447345
  465732
  410178
  304105
  189302
   98685
   43980
   17990
    7874
    4818
    3960
    3701
    3688
    3734
    3630
    3708
    3543
    3544
    3630
    3510
    3622
    3672
    3601
    3626
    3579
    3400
    3528
    3489
    3493
    3453
    3473
    3436
    3371
    3457
    3459
    3362
    3345
    3326
    3378
    3298
    3349
    3283
    3292
    3151
    3236
    3255
    3197
    3165
    3272
    3264
    3123
    3101
    3178
    3062
    3149
    3052
    3138
    3097
    3131
    3181
    2998
    3060
    3027
    3049
    3032
    3060
    3064
    3031
    2974
    2979
    2902
    2910
    2940
    2961
    2969
    2913
    2844
    2869
    2907
    2801
    2837
    2868
    2762
    2810
    2834
    2761
    2831
    2777
    2744
    2788
    2737
    2740
    2677
    2705
    2794
    2713
    2735
    2720
    2715
    2719
    2598
    2535
    2651
    2516
    2629
    2553
    2505
    2533
    2600
    2539
    2474
    2437
    2532
    2445
    2467
    2506
    2450
    2471
    2406
    2369
    2450
    2420
    2299
    2373
    2373
    2339
    2397
    2373
    2385
    2310
    2273
    2287
    2348
    2292
    2292
    2336
    2302
    2339
    2217
    2293
    2268
    2294
    2210
    2217
    2266
    2299
    2251
    2221
    2127
    2175
    2197
    2258
    2195
    2097
    2214
    2150
    2172
    2191
    2088
    2185
    2061
    2058
    2158
    2062
    2102
    2080
    2107
    2035
    2044
    2105
    2086
    2028
    2143
    2173
    2249
    2423
    2702
    2951
    3209
    3016
    2977
    2631
    2323
    2242
    1957
    2057
    1863
    1892
    1848
    1955
    1767
    1828
    1785
    1838
    1824
    1759
    1826
    1758
    1713
    1799
    1690
    1765
    1744
    1737
    1750
    1773
    1819
    1692
    1611
    1660
    1682
    1677
    1546
    1613
    1706
    1603
    1628
    1608
    1643
    1618
    1641
    1594
    1624
    1561
    1630
    1532
    1514
    1520
    1529
    1470
    1542
    1531
    1467
    1568
    1471
    1540
    1556
    1521
    1532
    1549
    1493
    1464
    1488
    1504
    1479
    1510
    1481
    1521
    1467
    1423
    1515
    1474
    1467
    1494
    1466
    1407
    1430
    1439
    1410
    1448
    1482
    1504
    1460
    1474
    1476
    1460
    1481
    1441
    1461
    1403
    1442
    1423
    1448
    1419
    1470
    1467
    1478
    1451
    1483
    1472
    1534
    1462
    1417
    1427
    1356
    1358
    1419
    1403
    1446
    1450
    1418
    1454
    1504
    1544
    1602
    1648
    1657
    1626
    1587
    1498
    1474
    1428
    1444
    1402
    1393
    1448
    1401
    1370
    1414
    1369
    1372
    1390
    1385
    1336
    1361
    1364
    1360
    1379
    1357
    1374
    1308
    1337
    1412
    1345
    1279
    1340
    1312
    1349
    1291
    1367
    1333
    1418
    1326
    1310
    1361
    1385
    1334
    1272
    1320
    1308
    1328
    1381
    1313
    1344
    1381
    1343
    1333
    1323
    1336
    1294
    1364
    1269
    1252
    1297
    1330
    1282
    1358
    1278
    1234
    1319
    1308
    1272
    1264
    1272
    1325
    1223
    1313
    1303
    1287
    1239
    1280
    1348
    1347
    1276
    1344
    1321
    1328
    1255
    1282
    1296
    1305
    1322
    1343
    1330
    1259
    1275
    1359
    1329
    1275
    1308
    1312
    1320
    1323
    1350
    1330
    1299
    1319
    1318
    1282
    1301
    1376
    1342
    1374
    1344
    1390
    1392
    1283
    1384
    1368
    1383
    1373
    1437
    1376
    1392
    1403
    1386
    1512
    1507
    1510
    1556
    1529
    1620
    1784
    1941
    2119
    2634
    3572
    5339
    9017
   15764
   29566
   52982
   94062
  155131
  233715
  317251
  379096
  395948
  358593
  277366
  183660
  102822
   49594
   20176
    7289
    2450
    1103
     752
     614
     599
     591
     584
     581
     621
     592
     542
     584
     595
     565
     541
     520
     560
     551
     585
     582
     549
     553
     514
     562
     533
     507
     545
     507
     556
     514
     545
     546
     511
     528
     503
     534
     545
     539
     516
     525
     513
     535
     493
     517
     504
     473
     482
     538
     549
     504
     463
     475
     473
     478
     494
     519
     472
     485
     508
     469
     535
     515
     430
     469
     473
     499
     465
     486
     480
     499
     487
     451
     491
     478
     466
     501
     485
     480
     467
     443
     471
     493
     478
     491
     497
     471
     470
     440
     433
     406
     463
     469
     435
     439
     396
     472
     456
     428
     446
     468
     451
     454
     399
     428
     480
     453
     453
     445
     480
     513
     554
     642
     704
     863
    1030
    1144
    1126
    1021
     907
     784
     614
     519
     459
     446
     427
     423
     429
     404
     460
     458
     452
     472
     451
     514
     524
     603
     560
     548
     528
     498
     481
     451
     435
     471
     433
     405
     424
     424
     415
     429
     453
     439
     403
     421
     418
     382
     421
     412
     456
     435
     380
     405
     375
     418
     379
     429
     430
     408
     419
     438
     442
     404
     408
     422
     472
     448
     477
     479
     511
     563
     654
     653
     679
     560
     500
     503
     447
     428
     412
     448
     428
     419
     461
     478
     563
     635
     692
     873
     925
     856
     819
     751
     596
     497
     465
     445
     383
     388
     420
     435
     431
     389
     407
     393
     393
     392
     390
     414
     405
     428
     368
     419
     414
     400
     406
     398
     411
     437
     420
     415
     394
     391
     359
     397
     365
     418
     392
     404
     436
     389
     416
     404
     398
     393
     415
     360
     439
     423
     449
     380
     400
     411
     373
     420
     391
     419
     460
     438
     400
     392
     365
     429
     423
     418
     437
     399
     420
     461
     476
     608
     662
     916
    1185
    1328
    1538
    1570
    1424
    1175
     881
     657
     507
     460
     398
     387
     404
     420
     353
     380
     409
     389
     392
     393
     400
     406
     433
     390
     438
     399
     352
     397
     376
     419
     353
     400
     404
     394
     396
     397
     345
     381
     384
     379
     380
     423
     403
     407
     394
     410
     423
     421
     444
     426
     424
     432
     409
     424
     376
     451
     458
     492
     491
     535
     639
     814
    1109
    1772
    3239
    5385
    9142
   15274
   23174
   32220
   40015
   43449
   41538
   34611
   24829
   15597
    8375
    3870
    1644
     716
     334
     247
     233
     215
     191
     230
     223
     183
     212
     227
     195
     203
     204
     194
     235
     224
     213
     213
     234
     226
     200
     197
     226
     221
     196
     211
     195
     209
     227
     206
     199
     230
     224
     204
     209
     211
     216
     205
     217
     203
     226
     236
     196
     251
     221
     223
     211
     203
     209
     171
     212
     190
     232
     210
     216
     205
     207
     205
     222
     229
     200
     195
     221
     196
     177
     225
     219
     224
     201
     225
     209
     208
     213
     189
     195
     210
     208
     207
     199
     219
     247
     179
     233
     237
     284
     341
     351
     364
     369
     325
     298
     272
     257
     234
     237
     232
     193
     216
     237
     250
     220
     277
     281
     296
     291
     238
     255
     211
     199
     250
     232
     190
     216
     229
     222
     224
     198
     221
     259
     296
     366
     458
     510
     540
     553
     550
     437
     377
     336
     238
     258
     232
     262
     286
     242
     260
     225
     217
     210
     214
     208
     221
     228
     196
     181
     209
     195
     203
     217
     186
     194
     197
     165
     187
     198
     222
     206
     190
     211
     216
     211
     185
     183
     188
     223
     198
     213
     180
     197
     198
     201
     206
     213
     196
     210
     198
     196
     200
     213
     203
     196
     194
     185
     189
     208
     173
     205
     199
     190
     201
     219
     205
     164
     198
     199
     209
     223
     203
     213
     220
     246
     223
     222
     266
     299
     243
     250
     211
     218
     204
     204
     196
     243
     192
     226
     210
     237
     212
     230
     230
     207
     190
     198
     194
     192
     155
     173
     180
     188
     193
     201
     181
     204
     179
     174
     198
     186
     209
     199
     186
     157
     178
     175
     186
     203
     176
     168
     194
     183
     179
     179
     175
     175
     187
     227
     196
     209
     205
     189
     177
     202
     196
     221
     184
     192
     167
     191
     158
     154
     183
     160
     186
     169
     190
     160
     182
     165
     181
     189
     188
     166
     182
     188
     151
     173
     154
     179
     176
     149
     175
     178
     163
     175
     188
     180
     178
     176
     178
     174
     185
     185
     182
     180
     181
     185
     180
     161
     167
     177
     176
     167
     152
     184
     193
     204
     205
     222
     239
     268
     293
     260
     235
     270
     254
     305
     270
     300
     261
     257
     227
     218
     213
     196
     240
     282
     291
     397
     540
     586
     651
     723
     658
     531
     472
     383
     325
     325
     310
     409
     418
     490
     527
     504
     485
     418
     381
     304
     271
     239
     227
     208
     201
     174
     208
     175
     186
     182
     206
     180
     224
     209
     211
     241
     199
     195
     179
     157
     172
     180
     163
     164
     173
     164
     152
     157
     158
     185
     150
     186
     156
     166
     200
     169
     188
     169
     165
     158
     158
     174
     146
     155
     154
     150
     165
     175
     164
     168
     167
     165
     170
     174
     179
     160
     165
     171
     144
     157
     154
     154
     169
     157
     173
     192
     209
     241
     253
     324
     374
     437
     417
     390
     335
     312
     247
     191
     211
     156
     166
     182
     205
     216
     178
     189
     180
     182
     177
     159
     155
     176
     189
     203
     209
     272
     333
     377
     422
     420
     445
     373
     296
     246
     209
     179
     168
     142
     159
     141
     159
     168
     156
     137
     163
     155
     193
     202
     189
     216
     216
     218
     221
     194
     167
     182
     165
     159
     139
     146
     150
     140
     146
     142
     150
     138
     155
     114
     140
     146
     140
     159
     133
     154
     150
     133
     142
     136
     133
     138
     147
     144
     153
     139
     135
     145
     147
     162
     145
     154
     140
     139
     135
     138
     152
     143
     146
     128
     124
     145
     154
     142
     152
     159
     181
     131
     181
     171
     195
     187
     232
     268
     316
     289
     296
     254
     221
     214
     173
     144
     143
     157
     141
     160
     166
     148
     156
     165
     166
     182
     175
     156
     131
     155
     134
     132
     110
     148
     126
     152
     131
     138
     155
     143
     127
     154
     137
     151
     156
     134
     147
     130
     140
     139
     127
     144
     141
     143
     154
     147
     154
     146
     135
     149
     171
     140
     130
     130
     151
     144
     157
     134
     163
     182
     149
     213
     164
     163
     162
     143
     134
     134
     156
     146
     142
     148
     136
     131
     130
     135
     142
     133
     138
     170
     157
     144
     148
     167
     147
     171
     169
     186
     176
     174
     140
     147
     140
     132
     133
     124
     135
     148
     152
     128
     128
     127
     142
     131
     132
     110
     129
     128
     124
     133
     132
     143
     130
     128
     154
     134
     133
     138
     149
     130
     140
     147
     127
     122
     121
     126
     129
     124
     124
     125
     122
     126
     121
     129
     127
     133
     138
     134
     118
     153
     128
     139
     139
     100
     124
     143
     132
     139
     130
     136
     143
     139
     130
     143
     124
     140
     122
     141
     128
     148
     113
     147
     133
     144
     121
     118
     133
     131
     149
     143
     131
     129
     141
     142
     131
     139
     130
     164
     154
     191
     201
     223
     294
     376
     494
     535
     558
     553
     466
     383
     348
     237
     161
     181
     123
     121
     144
     140
     124
     144
     141
     127
     112
     128
     130
     156
     144
     112
     128
     115
     141
     119
     147
     144
     154
     138
     123
     134
     144
     134
     139
     128
     124
     123
     131
     135
     137
     123
     141
     129
     106
     125
     114
     141
     124
     131
     128
     143
     117
     128
     131
     124
     120
     131
     139
     119
     139
     104
     125
     138
     124
     132
     149
     121
     140
     151
     144
     140
     117
     138
     142
     130
     139
     136
     145
     115
     120
     151
     132
     128
     152
     161
     196
     209
     301
     424
     649
     914
    1200
    1765
    2160
    2380
    2459
    2263
    1760
    1278
     849
     519
     320
     235
     136
     144
     154
     129
     140
     124
     110
     119
     137
     110
     126
     112
     115
     139
     120
     125
     134
     110
     125
     129
     121
     119
     119
     132
     131
     122
     122
     125
     131
     140
     155
     130
     138
     124
     144
     131
     118
     138
     116
     100
     126
     129
     100
     146
     130
     127
     111
     133
     118
     134
     104
     115
     134
     117
     103
     122
     122
     131
     130
     123
     115
     129
     132
     112
     104
     143
     117
     112
     118
     130
     109
     111
     116
     127
     105
     113
     129
     101
     101
     127
     122
     115
     109
     138
     105
     118
     116
     117
     150
     133
     140
     135
     131
     104
     111
     114
      97
     128
     116
     117
     113
     131
     129
     120
     135
     129
     143
     126
     128
     122
     131
     128
     121
     148
     107
     130
     128
     129
     110
     107
     118
     104
     118
     123
     111
     132
     134
     102
     117
     126
     109
     110
     138
      99
     129
     132
     118
     130
     126
     120
     120
     113
     119
     129
     120
     116
     100
     112
     125
     140
     131
     128
     125
     128
     140
     123
     139
     124
     125
     118
     132
     120
     135
     123
     135
     122
     106
     120
     115
     104
     143
     131
     120
     103
     144
     116
     117
     116
     129
     124
     133
     107
     126
     124
     137
     126
     106
     139
     119
     129
     150
     139
     159
     160
     156
     158
     154
     161
     135
     145
     140
     125
     123
     107
     125
     128
     124
     106
     124
     125
     138
     154
     156
     177
     200
     250
     314
     372
     422
     411
     343
     347
     280
     213
     193
     140
     155
     115
      97
     143
     107
     125
     136
     114
     121
     108
     134
     117
     143
     126
     120
     112
     133
     124
     112
     132
     111
     110
     113
     118
     127
     112
     117
     116
     117
     110
     117
     108
     128
     106
     132
     125
     121
     126
     131
     126
     111
     136
     112
     130
     139
     125
     126
     103
     136
     114
     107
     109
     124
     127
     145
     132
     116
     119
     142
     120
     135
     132
     147
     147
     169
     143
     148
     138
     128
     110
     118
     125
     142
     109
     117
      92
     117
     124
     128
     110
     133
     114
     115
     118
     114
     106
     113
     128
     110
     107
     124
     134
     127
     107
     120
     127
     119
     136
     134
     135
     124
     142
     121
     137
     135
     121
     146
     128
     112
     143
     120
     142
     124
     123
     135
     129
     116
     130
     105
     128
     131
     155
     126
     112
     141
     143
     150
     119
     126
     147
     131
     142
     141
     124
     138
     121
     126
     128
     125
     139
     124
     113
     107
     108
      98
     107
     116
     112
     104
     117
     114
     123
     120
     117
     116
     137
     139
     131
     110
     120
     112
     109
     134
     121
     128
     105
     127
     127
     115
     143
     129
     125
      97
     104
     142
     126
     102
     119
     127
     141
     112
     116
     105
     113
     133
     124
     118
     134
     126
     115
     133
     125
     120
     118
     125
     123
     127
     128
     134
     141
     140
     106
     119
     117
     108
     102
     101
     114
     117
      95
      96
     111
     109
     129
     121
     112
     144
     123
      93
     112
     137
     110
     131
     113
     125
     118
     111
     116
     112
     104
     157
     136
     126
     133
     127
     150
     105
     143
     166
     131
     140
     115
     110
     119
     140
     128
     120
     123
     103
     100
     130
     124
     153
     127
     122
     126
     123
     111
     126
     121
     126
     110
     128
     114
     123
      92
      95
     120
     111
     118
     122
     122
     106
     124
     113
     102
     119
     122
     119
     133
     148
     128
     114
     122
     131
     117
     113
     116
     114
     113
     113
     113
     116
     115
     116
     117
     110
      91
     119
     123
     103
     135
     119
     122
     132
     130
     127
     121
     117
     117
     127
     125
     126
     135
     121
     107
     123
     128
     100
     110
     101
     106
     117
     104
     109
     111
     114
     116
     126
     104
     128
     102
     107
     121
     101
     120
     113
     117
     109
     119
     126
     122
     103
     117
     116
     116
     113
     117
     135
     116
     111
     123
     114
     123
     120
     124
     114
     124
     103
     109
     114
     105
     109
     111
     122
     110
     107
     109
     122
     126
     108
      91
     100
     126
      94
      98
     100
     115
     102
     118
     117
     107
     106
     132
     114
     110
     122
     133
     122
     114
     104
     116
     126
     109
     115
      94
      97
      88
     117
     113
     107
     106
     118
     110
     126
     103
     120
     108
     101
     124
     105
     101
     110
      89
     104
      98
     104
      98
     116
      97
     118
     121
     124
      94
     121
     111
     111
     119
      98
      85
     113
     101
      96
      87
     115
     105
     112
     114
     120
     106
     104
     130
      99
     110
     118
     103
     112
     114
     127
     109
     111
      95
      92
     107
     101
      90
     113
      96
     107
     132
     107
      92
     108
     110
     110
     109
     106
     100
     106
     112
      97
     126
     103
     111
     115
     122
      93
     110
      92
     104
     105
     102
      96
     115
      91
      90
     105
     104
     105
     129
     114
     109
     111
     100
     119
     117
     106
     101
     113
     126
     118
     113
     118
     103
     122
     110
     106
      98
      99
     112
     119
      92
     111
      89
     102
     123
     109
      96
      90
     116
      91
     118
     101
     104
      93
     117
     107
      93
     112
     103
      97
      86
     105
     107
     109
     104
      88
     119
     127
     103
     109
     126
      92
     106
     107
      95
     130
     116
     106
     112
      99
     120
     116
     104
     121
     109
     122
     116
      92
      98
     104
      99
     121
      94
     120
      98
      98
     110
     109
     108
      95
      97
     113
     109
      99
     116
     112
     117
     113
     109
     125
     112
     100
      96
      94
     103
      94
      98
     108
      99
     116
     121
      90
     106
     107
     125
      74
      87
     109
     107
     126
     116
      90
     116
      96
     104
     104
     103
     110
      99
     101
     106
     110
     108
      88
     104
      94
     133
     108
      96
     103
     114
      97
     110
     114
      93
     116
      90
      96
      99
     113
      89
     111
      91
      97
      95
      97
     107
     110
     101
     103
      86
     113
      98
      96
      99
      96
     104
      97
     103
     115
      97
     105
     108
      90
     114
     103
     102
     116
     125
      91
      92
     106
     112
     122
      90
      97
      96
      97
     106
      95
      94
      99
      99
     115
      95
     104
      99
      98
     130
     112
     125
     142
     142
     184
     191
     247
     272
     329
     394
     467
     513
     567
     583
     534
     528
     466
     419
     356
     287
     236
     171
     150
     154
     127
     122
     124
     107
     112
     115
     121
     130
     107
     105
     116
     111
      99
     103
     110
      97
     105
     106
      92
     107
     113
     109
     125
     138
     123
     129
     155
     174
     214
     235
     224
     233
     241
     232
     178
     166
     126
     131
     105
     103
     100
     119
      99
      96
      94
     112
     109
      98
     110
     110
     104
     103
     106
      98
     105
      93
      96
     102
     111
     116
      99
     107
      88
      90
     102
     102
     100
     104
     104
     103
      90
     103
     107
      93
     111
     107
     113
     130
      93
     114
     113
      97
     109
     103
     120
      97
     101
      90
     119
      99
     104
     111
     114
      99
     103
      95
     134
     100
      95
      97
     121
      93
     104
     109
      86
     102
     103
     121
      93
     101
     103
     124
     114
      93
     103
     110
      99
     102
      98
     111
     114
     101
     108
     101
      94
     112
     104
     109
     109
     100
     104
      87
     110
      98
     105
     117
     109
     117
      96
      92
     122
     105
      92
     106
     107
     123
     103
      85
     113
     125
      94
     103
     120
     100
      96
     115
     106
      91
     103
     101
     111
     104
      91
     110
     100
     118
     117
     118
     105
     115
     118
      96
     103
      99
     118
     105
     107
     104
     104
     102
      93
     133
      98
     105
     104
     105
     106
      97
      95
     110
     103
     103
     110
     103
     110
     104
     107
     116
     113
     103
     101
      98
     108
     118
     105
     105
     115
     103
     113
      89
     107
     102
      94
     108
      97
      97
     106
     107
     119
     105
     111
     107
      98
      93
     113
     113
     112
     111
     104
     107
     113
     113
     102
     118
      94
     105
     119
      92
     114
     100
      90
     108
      99
     117
      98
     119
     112
     112
     100
     113
      97
     107
     124
     126
     127
     138
     141
     198
     202
     277
     345
     431
     559
     673
     664
     708
     696
     615
     477
     382
     288
     220
     171
     118
     113
     101
     105
     116
     108
     105
     105
      97
     109
     125
     108
     100
     110
     120
     104
     110
      82
     103
     116
     111
     129
      97
     110
      88
     114
     115
     120
     115
     102
      96
     108
     106
     109
     111
      98
     118
      95
     124
     130
     136
     132
     148
     158
     132
     129
     152
     143
     136
     111
     117
     105
     117
     100
     102
     101
     118
      85
     119
     111
     103
      96
      88
     125
     101
     100
      95
     109
      94
     116
     118
      99
     103
     106
     117
      99
     117
     118
     116
     115
     106
     108
     103
     111
     121
     106
     108
     114
     117
      95
     113
     110
      99
     117
      95
     112
     110
      98
     101
     102
     119
     121
     124
     105
     116
     108
     104
     120
     123
     105
     104
     106
      97
     109
     111
     106
      93
     135
     124
     125
     126
     126
     114
     111
     121
     110
     127
     118
     131
      99
     130
     116
     111
     110
     126
     114
     109
     113
     120
      98
     115
     106
     121
     105
     116
     119
     108
     107
     103
     121
     129
     128
     120
     123
     122
      95
     119
     111
      99
     114
      96
      91
     114
     117
     114
      79
     102
     100
     133
     127
     119
     112
     114
     127
     104
     100
     118
     105
     108
     115
     121
     128
      89
     113
     136
     119
     119
     108
     116
     129
     109
     131
     129
     131
     112
     118
     115
     120
     111
     138
     111
     117
     109
     117
     128
     110
     130
     128
     110
     115
     119
     113
     133
     122
     116
     130
     108
     121
      99
     114
     121
     118
     123
     117
     111
     122
     124
     117
     112
     105
     116
     123
     127
     131
     137
     157
     172
     167
     146
     148
     149
     122
     114
     111
     115
     129
     124
     125
     100
     108
     107
     117
     112
     101
     113
     121
     123
     134
     109
     128
     106
     106
     100
     119
     112
     106
     105
     117
     121
     114
     101
     121
     117
     111
     107
     100
     109
     122
     105
     107
     123
     118
     119
     122
     107
     107
      92
     113
     105
     106
     113
     122
     114
      99
      91
     125
     110
     138
     108
     113
     117
      97
     111
     118
     114
      98
     112
     105
     109
     105
     111
     101
     100
     112
     124
     109
     113
     110
     119
     120
     107
     114
     102
     125
     121
     117
     106
     122
     103
      91
     107
     105
     110
     114
     107
     110
     108
     115
      98
     104
     114
     126
     119
     109
     126
     118
     116
     117
     110
     107
     107
     122
     114
     134
     114
     114
     116
     113
     120
     125
     103
      97
     110
     120
     122
     137
      94
     114
     121
     120
     110
     111
     127
     114
     145
     114
     105
     117
     115
     129
     130
     104
     104
      90
     114
     122
     109
     132
     128
     114
     134
     104
     125
     113
     111
     104
     104
     113
      99
     110
     139
     113
     129
     112
     130
     127
     116
     125
     123
     116
     106
     114
     143
     115
     103
     125
      95
     109
     108
     120
     104
     106
     122
     106
      99
     119
     116
     120
     123
     107
     106
     119
     108
     116
     100
     127
     119
     115
     118
     119
     132
     109
     120
      99
     115
     129
     128
     131
     143
     104
     111
     114
     117
     116
     118
     129
     137
      96
     125
     115
     115
     123
     107
     119
     116
     116
     114
     108
     102
     115
     100
     112
     118
     117
     112
     103
      95
     109
     111
     102
      86
     109
      91
      88
     111
      92
      95
      91
     102
      72
      91
      92
      98
      87
      89
      90
      85
      82
      91
      95
      80
      85
      90
      84
     103
      89
      71
      67
      72
      74
      75
      73
      80
      88
      85
      99
      83
      89
      68
      73
     102
      86
      99
      76
      68
      84
      63
     113
      87
      66
      74
      68
      81
      91
      86
      71
      76
      70
      65
      71
      73
      92
      68
      79
      69
      66
      64
      79
      86
      73
      68
      68
      64
      75
      74
      77
      77
      89
      76
      89
     100
      84
      75
      63
      87
      80
      63
      75
      76
      81
      83
      73
      80
      77
      73
      60
      82
      80
      68
      60
      75
      67
      56
      66
      82
      79
      64
      77
      62
      70
      80
      66
      79
      66
      66
      72
      83
      47
      69
      72
      72
      75
      72
      69
      84
      55
      74
      69
      76
      64
      74
      45
      61
      66
      77
      61
      60
      67
      55
      61
      65
      64
      72
      63
      71
      71
      68
      72
      58
      63
      68
      57
      66
      58
      72
      63
      45
      60
      52
      80
      69
      64
      64
      65
      66
      73
      76
      58
      76
      75
      80
      77
     111
     105
     157
     163
     200
     252
     225
     263
     214
     210
     172
     151
     106
     102
      75
      62
      74
      65
      73
      52
      53
      59
      57
      70
      57
      62
      64
      62
      73
      68
      54
      63
      56
      55
      61
      55
      51
      48
      70
      53
      50
      47
      50
      40
      58
      64
      52
      39
      65
      54
      58
      43
      51
      46
      49
      51
      54
      46
      44
      68
      53
      48
      66
      52
      48
      62
      45
      48
      49
      51
      38
      56
      44
      45
      51
      44
      51
      40
      51
      34
      48
      46
      55
      47
      40
      47
      43
      48
      68
      31
      42
      43
      45
      55
      42
      43
      50
      47
      45
      37
      47
      51
      50
      48
      47
      35
      45
      52
      37
      34
      48
      47
      42
      44
      39
      49
      37
      36
      36
      40
      41
      42
      41
      49
      36
      44
      26
      47
      43
      42
      55
      40
      40
      34
      35
      53
      45
      36
      37
      48
      37
      34
      38
      37
      41
      36
      37
      35
      24
      52
      56
      47
      50
      55
      83
      84
     101
     118
     146
     213
     249
     320
     424
     470
     458
     477
     428
     390
     276
     204
     142
     112
      75
      34
      35
      27
      28
      25
      21
      31
      38
      36
      29
      34
      22
      31
      21
      35
      23
      11
      28
      27
      37
      31
      31
      32
      29
      38
      29
      39
      24
      25
      19
      25
      24
      28
      26
      15
      27
      15
      27
      24
      20
      26
      23
      24
      30
      24
      26
      26
      33
      28
      23
      29
      22
      34
      25
      20
      21
      19
      29
      25
      28
      18
      20
      27
      16
      27
      26
      25
      13
      13
      18
      24
      28
      25
      18
      20
      15
      20
      25
      28
      36
      21
      12
      20
      18
      20
      23
      18
      26
      23
      20
      22
      20
      19
      23
      20
      17
      22
      30
      22
      25
      22
      21
      34
      22
      23
      21
      22
      31
      19
      14
      20
      19
      26
      24
      25
      24
      20
      18
      19
      24
      14
      23
      26
      30
      22
      24
      21
      26
      24
      20
      15
      21
      23
      14
      25
      23
      26
      30
      19
      16
      20
      23
      31
      22
      13
      23
      25
      18
      29
      22
      20
      17
      24
      15
      29
      26
      29
      26
      21
      18
      25
      24
      29
      24
      23
      23
      21
      21
      27
      21
      19
      20
      16
      19
      25
      21
      20
      18
      23
      24
      18
      22
      28
      25
      19
      28
      13
      27
      18
      27
      33
      26
      23
      17
      16
      28
      21
      28
      17
      25
      25
      19
      22
      24
      30
      24
      24
      24
      22
      24
      23
      20
      22
      31
      19
      37
      22
      19
      20
      27
      18
      14
      23
      25
      25
      25
      20
      19
      27
      35
      19
      31
      20
      17
      24
      27
      29
      17
      24
      25
      22
      28
      19
      25
      20
      34
      20
      28
      28
      25
      31
      13
      17
      18
      21
      19
      29
      25
      17
      23
      21
      26
      19
      29
      20
      18
      26
      20
      21
      27
      23
      23
      29
      31
      39
      48
      68
      82
     129
     203
     323
     415
     585
     839
    1181
    1675
    2142
    2760
    3322
    3642
    4003
    3921
    3645
    3204
    2538
    1877
    1291
     784
     494
     223
     107
      68
      22
      11
      10
      12
       7
       7
       5
       9
       5
       8
      10
       8
       7
      13
      10
       4
      13
       6
       9
       7
       5
       9
       9
       9
       7
       9
      14
      11
       7
       9
       8
      11
       9
       9
       9
      11
       9
       9
      10
      10
      10
       5
       9
      10
      10
       8
       4
      11
       4
       7
       8
       5
      12
       6
      11
       8
       9
       3
       8
       5
       6
       9
       8
       3
      12
       8
       7
       6
       9
      10
      10
       5
       4
       5
       8
       5
       7
       7
      11
       7
       6
      11
       7
       6
       8
       3
       4
       7
       9
       8
       4
       8
      12
       7
       9
       8
       8
       5
       7
       5
       7
       7
       6
       8
       7
       7
       9
      11
       8
      11
       9
       5
       4
       5
       6
       8
       2
       8
       6
       9
       7
       7
       5
       8
       7
       6
       8
      10
      10
       8
      13
      10
      11
       7
       6
       6
       6
       5
      11
       3
       6
       8
      11
       6
       5
      11
       8
       2
       5
      10
       9
       6
       9
       3
       5
       3
       5
      11
       5
       4
      12
       3
       5
       3
       3
       8
       7
      10
       9
      10
       6
      10
       4
       6
       7
       9
       5
       8
       5
       7
       9
       6
       6
       8
       5
       9
       3
       8
      10
       8
       9
       9
       4
       6
       6
       7
       5
       8
       6
       3
       8
       7
       9
      15
      10
      10
      12
       5
      10
      18
      15
       4
       7
       7
       5
      10
       8
       8
       8
       7
       7
       6
      10
       6
       8
       5
      10
       9
      13
       9
       4
       6
       6
       8
       8
       6
       8
       5
       6
       6
       9
       8
       8
       6
       8
       6
       7
       9
       7
       7
       5
       9
       7
       5
       5
       2
      12
       8
       5
       9
       5
       2
       8
       2
       5
       8
       6
       8
       2
       6
       7
       7
       4
       7
       5
       3
       7
       5
       5
       5
       7
       9
       7
       4
       8
       6
      12
       1
       6
       6
       8
       5
       8
       8
       9
      11
       7
       8
       7
       9
       7
       4
       7
       7
       4
       6
      14
       8
       7
       4
      11
       6
       7
       3
       8
       3
       7
       3
       8
       7
       7
       7
       9
       8
       9
       4
       8
       4
       6
      10
      10
       7
      10
       5
       5
       9
       8
       6
       3
       9
       8
       9
       5
       5
       8
       5
       5
       6
       6
      11
      10
      14
       8
       7
       4
       3
       5
       7
      10
       6
      11
       6
       7
       7
       8
       6
      10
       8
       5
      10
       7
       9
       6
       9
      14
       8
       7
       3
       4
       8
       2
       5
       7
       8
      10
       6
       6
       6
       6
      11
       7
       4
       5
       7
       7
       8
       6
       5
       5
       9
       2
       7
      10
       6
       5
       8
       9
       6
      11
       5
      10
      14
      11
       4
      10
       6
       9
       6
       9
       9
       5
       5
      10
      10
      12
       6
      10
       6
       8
       1
       5
       9
       5
      12
       8
       6
       6
      10
       8
       8
       5
       4
       8
       2
       7
       6
       2
       6
       1
       9
       8
       4
      11
      10
       6
       5
      10
      11
      10
      12
       9
       9
       5
       4
       9
       5
       5
       8
       6
       8
       6
       5
       7
       8
       9
       5
       7
       4
       6
       6
       6
       7
      10
       9
       8
       7
      10
       5
       6
       7
       5
       9
       8
       4
      10
       4
       8
       4
       6
       9
      11
       7
       3
       6
       4
       7
       9
       5
       7
       5
       8
      11
       8
       5
       4
       6
      11
       5
       7
       5
       5
       8
       7
       3
       8
       9
       6
       5
       9
       4
       5
       2
       7
      11
       7
       5
       7
      14
       6
       5
       4
       6
       7
       8
       7
       6
       8
       6
       5
      10
       4
      13
       6
       9
      12
       5
      10
       4
      10
       6
       7
       7
       6
      10
       6
      10
       5
       7
       6
       3
       4
       6
       8
      10
      10
       5
      10
       2
       5
       7
       3
       7
       4
      11
       6
       9
       5
       6
       7
       5
      14
       6
       9
       6
      15
      11
      10
      14
      10
       6
      10
       8
      10
       5
       6
       4
       4
      11
       8
       9
       7
       8
      12
       7
      11
       8
      10
       5
      12
      12
       9
       5
      11
      10
      12
       7
      11
       9
       8
      13
       6
      13
       4
      11
      10
       8
      11
      11
      12
      10
       8
      13
       9
      11
      15
      11
      12
      12
      13
      11
       8
      13
       5
       9
      11
       9
      13
      13
      13
      10
      11
       8
      16
       7
      11
      22
       8
      16
      17
      11
      13
       9
      11
      14
      13
      13
      10
      20
       9
      15
      18
       8
       8
       9
      11
      12
      10
      11
      10
      11
      12
      14
      14
      17
       8
      17
      11
      22
      18
      18
      10
      15
      13
      13
      12
       9
       8
      19
      14
      14
      13
      11
      16
      14
      13
      12
      16
       8
      16
      12
      19
      14
      16
      11
      12
      13
      11
      20
       9
      12
      15
      14
      13
      13
      20
      17
       9
      17
      15
      21
      16
      21
      16
      22
      20
      20
      23
      19
      20
      25
      22
      17
      24
      16
      19
      17
      30
      33
      12
      18
      21
      14
      28
      20
      20
      21
      15
      20
      25
      30
      27
      21
      23
      21
      26
      27
      21
      19
      27
      31
      23
      39
      28
      19
      17
      17
      19
      29
      16
      22
      25
      29
      29
      24
      40
      41
      15
      19
      23
      36
      24
      31
      30
      27
      18
      31
      34
      35
      22
      22
      25
      26
      20
      21
      23
      23
      29
      30
      24
      23
      17
      23
      28
      27
      29
      27
      22
      34
      31
      34
      45
      62
     106
     119
     210
     335
     752
    1688
    3024
    4840
    7792
   18469
   66356
  190763
  328049
  308245
  155779
   42371
    6679
     720
     128
      75
      67
      57
      40
      60
      38
      45
      35
      24
      38
      28
      31
      27
      31
      31
      35
      29
      31
      22
      36
      30
      17
      30
      20
      33
      16
      22
      28
      26
      22
      24
      23
      14
      26
      20
      25
      22
      18
      27
      24
      21
      19
       0
       0
       0
       0
       0
       0
       0
       0
       0
       0
       0
       0
       0
       0
       0
       0
       0
       0
       0
       0
       0
       0
       0
       0
       0
       0
       0
       0
       0
       0
       0
       0
       0
       0
       0
       0
       0
       0
       0
       0
       0
       0
       0
       0
       0
       0
       0
       0
       0
       0
       0
       0
       0
       0
       0
       0
       0
       0
       0
       0
       0
       0
       0
       0
       0
       0
       0
       0
       0
       0
       0
       0
       0
       0
       0
       0
       0
       0
       0
       0
       0
       0
       0
       0
       0
       0
       0
       0
       0
       0
       0
       0
       0
       0
       0
       0
       0
       0
       0
       0
       0
       0
       0
       0
       0
       0
       0
       0
       0
       0
       0
       0
       0
       0
       0
       0
       0
       0
       0
       0
       0
       0
       0
       0
       0
       0
       0
       0

