       0
       0
       0
       0
       0
       0
       0
       0
       0
       0
       0
       0
       0
       0
       0
       0
       0
       0
       0
       0
       0
       0
       0
       0
       0
       0
       0
       0
       0
       0
       0
       0
       0
       0
       0
       0
       0
       0
       0
       0
       0
       0
       0
       0
       0
       0
       0
       0
       2
       1
    3275
   22127
   21776
   20901
   21643
   21868
   22880
   23597
   24147
   24002
   24104
   24140
   24012
   23918
   23877
   23695
   23244
   22855
   22640
   22427
   22428
   22173
   22085
   22177
   21813
   21874
   21734
   21701
   21466
   21414
   21493
   21319
   21353
   21070
   21249
   20993
   21043
   20842
   20902
   20615
   20755
   20650
   20597
   20615
   20603
   20752
   20617
   20165
   20575
   20100
   20131
   20337
   19915
   20022
   19918
   19889
   19838
   19975
   19841
   19713
   19878
   19857
   19756
   19808
   19649
   19509
   19549
   19419
   19936
   19347
   19491
   19517
   19281
   19612
   19483
   19535
   19064
   19165
   19439
   19031
   19207
   19345
   19207
   19295
   19519
   19135
   19145
   19057
   19233
   18917
   19132
   19390
   19385
   19666
   20935
   24077
   25812
   24564
   21380
   20045
   19222
   18991
   19179
   19177
   19451
   19220
   19323
   19253
   19261
   19185
   19414
   19386
   19413
   19409
   19762
   19727
   19862
   19676
   19990
   20518
   20395
   20991
   20875
   21053
   21150
   20959
   21351
   21535
   21566
   21746
   22458
   22639
   22773
   23138
   23009
   23246
   23610
   24078
   24346
   24582
   25128
   25502
   25805
   26110
   26229
   26734
   26818
   26842
   27066
   27856
   28259
   27875
   28161
   28489
   29506
   30489
   30881
   30368
   30272
   30680
   31513
   32753
   33519
   33356
   33549
   34913
   40603
   55024
   75990
   98216
  166635
  354330
  552438
  513836
  276863
   95682
   33512
   21703
   20684
   20470
   20621
   20744
   20793
   20882
   20763
   20581
   21034
   21223
   21638
   21703
   22385
   21663
   21262
   21124
   21291
   21418
   21673
   21824
   21751
   21426
   21219
   21692
   22212
   22073
   22288
   22442
   22508
   22209
   22077
   22065
   22147
   21946
   22119
   22169
   22339
   22070
   22164
   22187
   22003
   22462
   22521
   22718
   22511
   22978
   22835
   22720
   22845
   22875
   22652
   23075
   23123
   23067
   22862
   23034
   23000
   23295
   23300
   23096
   23251
   23306
   23400
   23417
   23397
   23220
   23328
   23377
   23370
   23711
   23401
   23723
   23587
   23667
   23316
   23703
   23652
   23699
   23701
   23829
   23708
   23837
   23814
   23856
   24023
   23711
   23777
   24071
   24497
   23939
   23737
   24082
   23412
   24000
   23853
   24060
   24010
   24226
   24184
   24334
   23899
   23831
   24261
   24026
   24084
   24195
   24348
   24398
   24355
   24436
   23948
   24241
   24437
   24445
   24639
   24221
   24343
   24603
   24238
   24429
   24340
   24430
   24437
   24450
   24382
   24817
   24737
   24819
   24629
   24490
   24455
   24382
   25011
   24584
   24583
   24661
   24743
   25047
   24838
   24845
   24795
   24830
   24789
   24717
   24933
   24790
   24972
   24877
   24988
   24978
   25392
   25417
   25421
   25613
   25725
   26486
   26302
   25863
   25403
   25263
   25328
   25136
   25346
   25038
   25188
   25174
   25406
   25248
   25238
   25412
   25008
   25202
   25330
   25199
   25390
   25498
   25690
   25740
   25812
   26040
   26199
   26400
   26513
   26527
   26458
   26731
   26494
   26012
   26407
   26251
   26113
   25942
   26300
   25941
   26092
   26038
   25870
   25746
   25343
   25430
   25434
   25304
   24927
   24797
   24974
   24783
   24655
   24852
   24964
   25524
   27868
   33600
   39234
   38524
   32754
   26914
   24566
   23788
   23966
   23745
   23494
   23320
   23086
   23050
   23215
   22986
   22522
   22966
   22524
   22365
   22469
   22705
   22542
   22296
   22426
   22322
   22236
   22138
   22400
   22178
   22129
   21903
   21992
   22094
   22283
   22013
   21838
   21697
   21823
   21864
   22198
   22094
   22275
   21965
   22030
   21808
   21792
   21817
   21733
   21821
   21883
   21863
   21675
   21451
   21742
   21519
   21473
   21493
   21517
   21666
   21423
   21413
   21694
   21673
   21769
   21692
   21498
   21639
   21878
   21634
   22125
   23061
   23085
   22832
   22173
   21727
   21667
   21569
   21531
   21608
   21492
   21624
   21512
   21480
   21674
   21429
   21455
   21395
   21573
   21231
   21636
   21523
   21451
   21767
   21706
   21337
   21446
   21557
   21569
   21543
   21474
   21480
   21584
   21544
   22096
   22368
   22228
   22166
   21973
   21519
   21298
   21480
   21365
   21151
   21434
   21093
   21328
   21126
   20914
   20841
   20801
   20941
   20727
   20445
   19950
   20273
   20119
   19622
   19616
   19383
   18983
   18827
   18602
   18841
   18776
   18728
   18754
   18182
   17734
   17322
   17152
   17258
   16885
   16910
   17068
   16612
   16925
   16739
   16648
   16108
   16270
   16310
   16137
   15920
   15912
   15770
   15862
   15867
   15845
   15710
   15607
   15682
   15669
   15574
   15320
   15352
   15611
   15602
   15230
   15169
   15490
   16374
   19073
   23139
   24555
   21917
   18317
   15676
   14506
   14657
   14422
   14489
   14367
   14351
   14161
   14013
   13932
   14156
   13971
   14027
   13827
   13962
   13898
   13939
   13662
   13578
   13469
   13290
   13234
   13337
   13524
   13290
   13062
   12787
   12859
   12971
   12785
   13021
   12685
   12877
   12856
   12480
   12936
   13561
   15844
   19685
   21946
   20067
   16163
   13276
   12315
   12420
   12680
   13171
   13313
   13480
   13201
   12412
   11736
   11485
   11307
   11318
   11172
   11148
   11068
   11262
   11065
   10920
   11080
   11110
   11090
   10919
   11041
   10732
   10868
   10667
   10758
   10712
   10792
   10599
   10762
   10696
   10535
   10616
   10831
   10859
   10613
   10508
   10455
   10301
   10112
   10267
   10363
   10299
   10336
   10067
   10328
   10136
   10084
   10199
   10067
   10168
   10237
    9975
    9946
    9732
    9767
    9778
    9748
    9437
    9525
    9555
    9639
    9613
    9565
    9739
    9523
    9515
    9590
    9528
    9435
    9258
    9443
    9219
    9614
    9478
    9527
    9324
    9361
    9190
    9528
    9691
   10130
    9878
    9642
    9430
    9373
    9247
    9122
    9072
    9058
    9123
    9202
    9266
    9892
   11873
   19735
   44490
   89517
  129936
  127734
   83117
   38974
   16498
   10170
    8629
    8308
    8335
    8343
    8292
    8159
    8072
    8130
    8188
    8198
    8148
    8140
    8017
    8158
    8127
    8079
    8008
    7964
    8080
    7902
    8030
    7963
    7824
    7945
    7962
    8018
    7994
    8147
    8035
    7831
    7920
    8001
    7889
    7831
    7858
    7735
    7730
    8008
    7863
    7927
    7882
    7981
    7862
    8301
    9618
   11269
   11899
   11193
    9630
    8370
    7891
    7975
    7968
    8064
    7832
    7862
    7825
    8145
    8448
    8955
    9108
    9249
   11407
   23440
   64528
  154577
  264828
  305359
  233529
  119136
   43328
   14676
    7844
    6600
    6617
    6337
    6464
    6428
    6675
    6400
    6378
    6368
    6413
    6345
    6257
    6392
    6295
    6412
    6372
    6280
    6195
    6204
    6206
    6290
    6183
    6319
    6211
    6165
    6229
    6353
    6197
    6312
    6201
    6075
    6077
    6181
    6154
    6069
    6010
    6018
    6218
    6061
    6181
    5890
    6039
    5920
    5969
    5964
    6128
    6147
    5973
    5964
    6096
    5935
    6074
    5972
    6086
    5969
    6057
    6195
    6157
    6029
    6023
    6148
    6342
    6435
    6539
    6300
    6081
    5832
    5907
    5799
    5885
    5917
    6003
    5844
    5970
    5871
    5851
    5898
    5812
    5732
    5963
    5784
    5813
    5704
    5774
    5800
    5804
    5768
    5843
    6224
    6843
    7633
    8171
    7568
    6650
    6081
    5756
    5718
    5730
    5830
    5678
    5730
    5686
    5674
    5781
    5646
    5731
    5692
    5785
    5711
    5756
    5914
    5772
    5762
    5796
    5685
    5653
    5681
    5751
    5842
    5804
    5966
    5811
    5939
    6161
    6401
    7209
    9065
   12012
   13742
   13047
   10614
    8726
    8114
    8813
   13411
   33883
  111595
  309052
  620699
  860060
  804739
  509001
  216459
   64875
   15814
    5241
    3483
    3156
    3103
    3100
    3091
    3017
    3060
    3045
    3113
    2885
    3083
    2978
    3004
    2979
    2915
    2891
    2953
    2890
    2950
    2913
    2869
    2845
    2823
    2886
    2908
    2878
    2884
    2890
    2833
    2868
    2839
    2811
    2871
    2863
    2895
    2886
    2958
    2770
    2773
    2809
    2792
    2764
    2840
    2751
    2762
    2806
    2745
    2750
    2842
    2868
    2726
    2797
    2789
    2690
    2774
    2815
    2883
    2772
    2878
    2868
    2779
    3036
    3015
    3138
    3660
    6227
   15137
   38764
   78827
  113870
  114285
   78663
   38042
   13635
    4992
    2810
    2394
    2431
    2441
    2451
    2412
    2393
    2446
    2529
    2389
    2449
    2288
    2281
    2292
    2340
    2242
    2284
    2286
    2244
    2272
    2278
    2244
    2334
    2193
    2303
    2305
    2225
    2243
    2265
    2241
    2270
    2267
    2222
    2244
    2218
    2273
    2304
    2193
    2237
    2280
    2163
    2197
    2275
    2285
    2248
    2249
    2264
    2138
    2121
    2170
    2138
    2241
    2161
    2167
    2264
    2154
    2205
    2184
    2154
    2091
    2163
    2175
    2203
    2326
    2485
    2464
    2328
    2197
    2117
    2141
    2110
    2074
    2143
    2110
    2085
    2095
    2004
    2114
    2055
    2083
    2037
    2044
    2076
    2093
    2106
    2046
    2118
    2098
    2025
    2079
    2138
    2035
    2071
    2054
    2052
    1990
    2015
    2026
    1991
    2051
    2010
    1924
    1992
    1912
    1927
    1954
    2025
    2016
    1970
    1984
    2021
    1968
    1998
    2000
    2022
    1973
    1982
    1934
    1914
    1967
    1960
    1962
    1901
    1943
    1895
    1946
    1945
    1876
    1913
    1887
    1959
    1838
    1938
    1926
    1862
    1945
    2026
    2267
    2513
    2889
    2853
    2555
    2301
    2070
    2015
    1979
    1890
    1907
    1868
    1864
    1905
    1782
    1782
    1891
    1792
    1884
    1878
    1770
    1837
    1749
    1889
    1732
    1843
    1831
    1773
    1761
    1804
    1794
    1766
    1767
    1802
    1766
    1825
    1731
    1766
    1755
    1779
    1724
    1777
    1720
    1800
    1699
    1787
    1812
    1867
    1760
    1759
    1739
    1698
    1794
    1746
    1706
    1664
    1671
    1718
    1668
    1701
    1744
    1716
    1633
    1654
    1781
    1639
    1731
    1695
    1778
    1653
    1707
    1844
    2086
    2242
    2449
    2433
    2077
    1873
    1709
    1687
    1652
    1655
    1622
    1691
    1666
    1637
    1596
    1684
    1680
    1637
    1620
    1675
    1704
    1655
    1630
    1684
    1688
    1726
    1775
    1740
    1693
    1740
    1696
    1692
    1719
    1725
    1685
    1784
    1776
    1705
    1634
    1680
    1693
    1649
    1758
    1767
    1695
    1640
    1611
    1701
    1697
    1722
    1720
    1693
    1658
    1704
    1579
    1598
    1628
    1675
    1638
    1581
    1545
    1583
    1593
    1559
    1575
    1536
    1564
    1597
    1612
    1542
    1573
    1477
    1592
    1562
    1547
    1579
    1540
    1455
    1502
    1512
    1533
    1518
    1543
    1599
    1589
    1601
    1549
    1489
    1551
    1497
    1457
    1537
    1608
    1452
    1485
    1475
    1525
    1460
    1575
    1524
    1519
    1585
    1645
    1663
    1672
    1637
    1521
    1558
    1542
    1548
    1491
    1489
    1454
    1546
    1552
    1537
    1462
    1547
    1487
    1454
    1429
    1553
    1541
    1417
    1566
    1603
    1817
    1840
    2141
    2503
    2972
    3647
    4258
    4448
    4192
    3646
    3078
    2519
    2159
    1969
    1767
    1571
    1531
    1487
    1430
    1436
    1427
    1279
    1467
    1470
    1443
    1370
    1370
    1360
    1320
    1381
    1385
    1341
    1303
    1445
    1455
    1364
    1360
    1341
    1351
    1302
    1369
    1406
    1373
    1352
    1289
    1376
    1376
    1384
    1363
    1335
    1336
    1300
    1355
    1473
    1311
    1289
    1359
    1335
    1404
    1327
    1324
    1320
    1330
    1375
    1409
    1398
    1419
    1362
    1286
    1313
    1321
    1353
    1354
    1300
    1291
    1334
    1356
    1343
    1387
    1332
    1318
    1254
    1292
    1245
    1266
    1324
    1291
    1299
    1237
    1356
    1387
    1326
    1267
    1333
    1304
    1284
    1275
    1327
    1337
    1254
    1268
    1359
    1359
    1349
    1269
    1327
    1306
    1360
    1279
    1202
    1308
    1260
    1370
    1338
    1279
    1258
    1261
    1220
    1214
    1296
    1339
    1279
    1295
    1287
    1228
    1281
    1342
    1260
    1232
    1236
    1321
    1244
    1180
    1233
    1298
    1234
    1271
    1231
    1291
    1222
    1212
    1188
    1220
    1242
    1191
    1246
    1331
    1354
    1348
    1344
    1312
    1277
    1250
    1208
    1226
    1242
    1237
    1240
    1243
    1264
    1169
    1226
    1208
    1216
    1223
    1226
    1234
    1173
    1231
    1258
    1177
    1246
    1226
    1175
    1247
    1235
    1209
    1187
    1222
    1232
    1240
    1255
    1247
    1276
    1232
    1225
    1177
    1245
    1197
    1255
    1159
    1215
    1195
    1265
    1200
    1241
    1270
    1240
    1257
    1262
    1300
    1617
    2391
    3713
    5252
    5958
    5327
    3809
    2331
    1536
    1220
    1136
    1118
    1206
    1090
    1098
    1108
    1134
    1110
    1086
    1110
    1141
    1142
    1150
    1149
    1130
    1125
    1100
    1107
    1088
    1095
    1116
    1129
    1091
    1157
    1113
    1152
    1301
    1505
    1638
    1748
    1576
    1415
    1231
    1162
    1120
    1117
    1116
    1132
    1138
    1075
    1156
    1091
    1134
    1078
    1073
    1129
    1084
    1111
    1065
    1122
    1099
    1117
    1142
    1116
    1116
    1043
    1114
    1092
    1125
    1172
    1265
    1507
    2322
    3826
    6096
    7694
    7893
    6048
    3769
    2077
    1408
    1064
    1005
    1046
    1025
     986
    1018
    1054
     967
    1010
    1056
     987
    1041
     992
    1076
    1023
    1046
     958
    1012
    1041
    1015
     991
    1007
     947
     995
     958
     949
     998
    1038
    1018
     982
     923
     963
    1010
     997
     963
    1020
     953
    1033
    1004
    1005
     989
    1026
     982
     941
     993
    1035
     926
     966
     980
     947
    1024
     964
     975
     967
     958
     934
     985
     976
    1067
    1010
     953
     953
     984
    1059
     952
     982
     890
     935
    1000
     926
    1016
     947
     927
     955
     987
     973
    1034
     933
    1040
     991
    1037
    1029
    1048
     975
     959
     944
     975
     890
     956
     994
     940
     948
     955
     964
     934
    1025
     987
     955
     972
     963
    1006
     991
     943
     969
     995
     949
     929
     914
     971
     975
     941
     954
     934
     970
    1021
     968
     987
     928
     995
     942
     967
     921
     955
     911
     931
     991
     916
     997
     937
     928
     851
     922
     938
     896
     990
    1064
    1150
    1273
    1175
    1142
    1001
     960
     996
     897
     918
     961
    1026
    1127
    1113
    1193
    1078
     953
     903
     920
     971
     890
     928
     934
     871
     913
     903
     940
     926
     983
     865
     930
     860
     935
     896
     964
     916
     885
     903
     918
     998
     955
     887
     854
     846
     887
     960
     887
     902
     906
     969
     905
     864
     904
     909
     845
     932
     920
     930
     898
     884
     898
     944
     928
     916
     858
     918
     892
     911
     854
     880
     879
     866
     866
     888
     889
     817
     907
     860
     871
     848
     853
     866
     871
     901
     941
    1005
     968
     928
     917
     909
     885
     847
     916
     933
     904
     836
     860
     922
     859
     878
     888
     822
     890
     899
     872
     864
     904
     840
     892
     852
     963
     928
     921
     878
     922
     917
     925
     925
     907
     924
     834
     923
     888
     837
     884
     864
     925
     905
     944
     948
     965
     926
     923
     917
     834
     915
     863
     858
     844
     919
     804
     788
     838
     842
     838
     869
     866
     841
     826
     831
     877
     851
     852
     912
     805
     816
     907
     789
     831
     859
     857
     860
     944
     865
     874
     855
     852
     850
     836
     816
     825
     831
     847
     850
     840
     822
     817
     859
     902
    1107
    1386
    1631
    1785
    1798
    1557
    1148
     928
     892
     837
     809
     813
     805
     791
     795
     802
     780
     816
     845
     849
     782
     802
     819
     839
     791
     813
     776
     818
     795
     819
     811
     804
     829
     855
     824
     787
     813
     782
     832
     858
     769
     822
     829
     826
     846
     858
     863
     837
     810
     761
     763
     811
     776
     808
     823
     785
     804
     817
     867
     821
     801
     804
     770
     806
     801
     767
     805
     762
     772
     806
     765
     821
     811
     819
     793
     796
     758
     825
     828
     910
     914
     912
     847
     825
     832
     754
     761
     798
     781
     732
     763
     777
     739
     787
     764
     789
     763
     774
     818
     777
     857
     869
     840
     864
     819
     802
     799
     795
     765
     877
     815
     837
     929
    1065
    1215
    1326
    1389
    1307
    1103
     943
     861
     880
     787
     789
     866
     930
     930
     961
     852
     804
     776
     754
     786
     773
     751
     705
     771
     722
     760
     747
     758
     740
     730
     751
     679
     716
     713
     715
     720
     710
     735
     775
     803
     797
     790
     809
     688
     708
     786
     748
     834
     913
     966
    1007
     922
     897
     862
     851
     942
    1006
    1199
    1290
    1322
    1151
     946
     784
     808
     695
     668
     683
     660
     674
     706
     737
     797
     865
    1014
    1152
    1296
    1268
    1132
     956
     814
     753
     729
     681
     678
     722
     699
     649
     768
     684
     669
     688
     648
     720
     708
     691
     699
     669
     683
     668
     669
     694
     659
     695
     713
     749
     836
     853
     824
     757
     765
     710
     698
     760
     684
     726
     718
     686
     657
     687
     739
     737
     732
     705
     698
     672
     685
     731
     704
     747
     688
     689
     680
     684
     698
     644
     674
     656
     653
     657
     685
     695
     708
     641
     633
     651
     680
     698
     756
     657
     694
     732
     629
     689
     698
     693
     672
     631
     687
     681
     670
     716
     732
     740
     669
     707
     665
     680
     729
     633
     701
     666
     721
     762
     757
     747
     746
     777
     733
     685
     666
     695
     675
     710
     704
     737
     814
     891
     862
     848
     803
     744
     705
     673
     695
     684
     758
     743
     796
     832
     772
     802
     777
     684
     677
     703
     644
     667
     630
     670
     599
     638
     680
     633
     643
     724
     765
     707
     722
     730
     657
     688
     667
     645
     637
     639
     595
     661
     622
     623
     672
     648
     620
     671
     680
     721
     653
     629
     637
     664
     636
     630
     623
     640
     670
     663
     694
     630
     660
     644
     637
     713
     719
     855
    1022
    1080
    1251
    1135
     977
     838
     670
     696
     637
     603
     642
     658
     655
     653
     643
     628
     626
     624
     642
     659
     722
     753
     818
     817
     773
     693
     648
     663
     745
     656
     674
     661
     654
     623
     634
     596
     632
     666
     634
     659
     647
     683
     681
     611
     632
     658
     656
     622
     623
     607
     620
     637
     628
     573
     592
     596
     652
     645
     613
     616
     611
     642
     659
     615
     623
     581
     669
     668
     622
     627
     673
     637
     632
     669
     617
     619
     638
     605
     642
     620
     631
     627
     576
     633
     624
     652
     664
     625
     588
     722
     658
     680
     668
     655
     698
     643
     644
     600
     618
     645
     580
     624
     648
     676
     694
     621
     686
     603
     631
     631
     623
     651
     634
     599
     630
     651
     650
     617
     700
     709
     687
     735
     684
     698
     675
     594
     613
     649
     614
     578
     647
     608
     669
     660
     722
     758
    1019
    1462
    2237
    3167
    3733
    3794
    3102
    2199
    1399
     944
     678
     576
     622
     571
     581
     620
     601
     563
     573
     592
     585
     576
     554
     582
     595
     570
     585
     598
     557
     601
     578
     624
     626
     608
     570
     577
     619
     578
     596
     612
     598
     620
     568
     643
     564
     577
     528
     626
     561
     579
     595
     592
     584
     577
     571
     550
     610
     572
     568
     578
     569
     598
     623
     640
     724
     811
     903
     996
     920
     812
     752
     662
     595
     553
     578
     551
     570
     556
     592
     524
     586
     588
     560
     587
     560
     575
     566
     604
     567
     573
     543
     576
     566
     544
     587
     600
     541
     579
     604
     556
     576
     597
     566
     630
     615
     606
     623
     683
     662
     690
     691
     729
     722
     675
     668
     666
     612
     612
     584
     607
     570
     584
     582
     596
     551
     535
     579
     553
     521
     578
     558
     591
     622
     589
     610
     586
     575
     577
     614
     591
     577
     558
     565
     661
     609
     615
     618
     704
     806
    1007
    1107
    1182
    1120
     999
     820
     717
     656
     677
     790
    1067
    1601
    2087
    2415
    2369
    2071
    1591
    1160
     797
     680
     571
     519
     589
     528
     585
     551
     578
     570
     570
     533
     530
     592
     549
     544
     541
     533
     530
     510
     523
     524
     527
     589
     549
     564
     518
     523
     512
     567
     563
     558
     594
     550
     535
     568
     561
     526
     564
     553
     565
     552
     565
     518
     564
     522
     526
     553
     561
     548
     545
     534
     578
     550
     551
     487
     572
     560
     572
     555
     530
     539
     574
     534
     531
     542
     583
     561
     521
     544
     546
     539
     554
     541
     531
     525
     519
     570
     561
     592
     572
     632
     619
     680
     615
     605
     589
     639
     551
     575
     541
     524
     563
     533
     523
     533
     554
     513
     541
     532
     558
     552
     532
     567
     520
     576
     559
     547
     541
     521
     533
     482
     530
     545
     550
     540
     515
     542
     548
     503
     577
     531
     546
     550
     512
     543
     565
     552
     535
     549
     564
     561
     550
     570
     542
     569
     537
     556
     548
     521
     543
     494
     511
     518
     557
     506
     561
     550
     567
     585
     473
     529
     527
     535
     570
     544
     512
     524
     509
     535
     488
     560
     523
     559
     555
     543
     553
     554
     529
     521
     559
     531
     555
     531
     565
     569
     529
     563
     493
     568
     507
     542
     533
     514
     495
     530
     549
     537
     539
     548
     523
     552
     566
     531
     517
     581
     504
     519
     516
     538
     539
     547
     528
     548
     525
     551
     589
     534
     524
     520
     520
     551
     521
     529
     506
     517
     535
     524
     548
     521
     534
     577
     577
     623
     586
     584
     499
     539
     516
     558
     516
     548
     539
     522
     531
     522
     505
     495
     566
     545
     533
     502
     569
     513
     514
     530
     546
     538
     524
     561
     519
     563
     557
     510
     533
     555
     530
     567
     537
     516
     531
     542
     588
     526
     535
     560
     519
     554
     539
     525
     554
     567
     565
     544
     517
     527
     523
     566
     535
     490
     552
     541
     493
     502
     550
     524
     570
     575
     511
     524
     545
     554
     526
     568
     556
     608
     571
     602
     567
     574
     537
     508
     504
     493
     528
     538
     562
     524
     530
     581
     546
     517
     531
     536
     563
     542
     507
     539
     555
     514
     559
     545
     535
     540
     572
     535
     523
     539
     563
     515
     557
     558
     550
     552
     497
     563
     567
     562
     590
     599
     624
     566
     671
     599
     567
     569
     540
     602
     588
     576
     544
     520
     559
     542
     572
     533
     560
     570
     515
     563
     563
     551
     551
     574
     558
     520
     578
     591
     529
     544
     557
     544
     538
     563
     547
     531
     534
     524
     572
     567
     550
     617
     561
     595
     562
     602
     580
     527
     496
     528
     548
     582
     575
     586
     552
     531
     544
     536
     531
     552
     539
     559
     596
     607
     663
     766
     980
    1435
    1781
    2144
    2125
    1856
    1555
    1099
     810
     634
     598
     508
     528
     534
     564
     554
     556
     567
     550
     494
     539
     538
     546
     553
     536
     535
     523
     547
     554
     488
     509
     556
     565
     607
     545
     560
     582
     582
     588
     587
     586
     536
     535
     582
     515
     530
     543
     513
     559
     538
     489
     546
     581
     545
     544
     584
     596
     520
     546
     550
     538
     551
     522
     529
     523
     558
     555
     555
     563
     576
     535
     554
     529
     564
     536
     535
     531
     547
     559
     537
     557
     542
     563
     551
     575
     592
     552
     551
     550
     587
     611
     570
     564
     595
     607
     604
     632
     725
     725
     757
     727
     721
     685
     630
     611
     541
     555
     588
     561
     598
     530
     539
     553
     552
     548
     547
     552
     559
     534
     547
     573
     582
     610
     536
     577
     577
     613
     595
     607
     582
     569
     577
     549
     595
     533
     583
     558
     539
     539
     598
     566
     547
     586
     546
     619
     606
     606
     666
     751
     758
     690
     679
     572
     603
     624
     497
     578
     552
     557
     531
     601
     553
     591
     590
     561
     559
     575
     537
     576
     541
     572
     563
     544
     562
     560
     595
     596
     627
     574
     544
     560
     564
     567
     577
     576
     529
     611
     601
     609
     573
     552
     581
     612
     580
     555
     565
     568
     545
     585
     587
     567
     544
     602
     570
     601
     560
     635
     593
     600
     591
     581
     554
     568
     608
     607
     585
     530
     595
     568
     550
     552
     608
     571
     634
     613
     620
     618
     590
     594
     652
     641
     612
     639
     630
     634
     631
     630
     584
     608
     606
     613
     610
     641
     621
     596
     659
     569
     558
     626
     590
     592
     624
     662
     625
     610
     600
     613
     606
     629
     652
     568
     580
     533
     582
     599
     572
     584
     586
     615
     622
     608
     601
     590
     600
     623
     588
     618
     566
     611
     577
     613
     643
     638
     598
     616
     625
     626
     599
     599
     616
     597
     581
     567
     640
     586
     562
     578
     614
     636
     623
     565
     560
     632
     656
     565
     589
     590
     607
     608
     550
     536
     615
     625
     561
     598
     601
     615
     657
     655
     622
     602
     677
     768
     855
    1021
    1094
    1153
    1134
    1010
     871
     703
     636
     642
     572
     623
     562
     545
     511
     552
     561
     551
     515
     517
     516
     513
     506
     546
     541
     536
     533
     567
     529
     514
     492
     494
     503
     464
     449
     516
     483
     485
     460
     481
     504
     472
     492
     533
     464
     488
     467
     493
     464
     424
     477
     416
     451
     412
     434
     435
     439
     430
     434
     486
     431
     447
     444
     470
     443
     478
     454
     403
     439
     416
     408
     439
     428
     424
     461
     438
     437
     434
     428
     386
     408
     387
     420
     393
     401
     394
     437
     404
     452
     485
     435
     433
     427
     386
     392
     434
     412
     419
     461
     463
     415
     425
     410
     452
     393
     409
     382
     453
     408
     403
     347
     363
     416
     403
     426
     403
     426
     441
     494
     496
     516
     524
     490
     527
     430
     439
     434
     370
     409
     402
     357
     367
     351
     364
     393
     390
     396
     392
     397
     393
     415
     376
     359
     374
     383
     364
     357
     363
     361
     381
     382
     401
     386
     399
     379
     401
     404
     375
     362
     368
     356
     392
     366
     409
     362
     400
     393
     407
     388
     388
     376
     412
     415
     345
     356
     377
     367
     338
     356
     370
     361
     368
     346
     375
     356
     365
     331
     373
     367
     320
     348
     376
     369
     349
     327
     324
     329
     292
     347
     367
     337
     309
     330
     309
     380
     324
     326
     309
     321
     336
     308
     309
     328
     353
     320
     317
     356
     355
     342
     358
     306
     323
     296
     327
     364
     295
     339
     322
     314
     315
     282
     334
     294
     302
     306
     334
     314
     335
     328
     290
     312
     326
     337
     324
     290
     291
     324
     307
     295
     319
     314
     334
     325
     340
     307
     301
     309
     326
     370
     379
     419
     391
     359
     376
     359
     307
     293
     277
     278
     285
     298
     268
     285
     286
     298
     296
     299
     281
     283
     297
     295
     271
     264
     284
     259
     280
     274
     255
     242
     271
     249
     268
     262
     289
     260
     256
     265
     241
     238
     245
     287
     265
     256
     251
     231
     273
     231
     278
     270
     273
     258
     214
     251
     268
     255
     259
     269
     262
     241
     278
     238
     244
     262
     243
     249
     206
     233
     268
     240
     239
     251
     255
     258
     253
     259
     254
     258
     231
     266
     239
     225
     248
     247
     250
     237
     236
     246
     235
     233
     254
     220
     208
     220
     263
     232
     241
     231
     243
     254
     268
     249
     252
     262
     268
     238
     225
     209
     242
     243
     213
     241
     225
     221
     202
     254
     243
     244
     255
     224
     281
     248
     378
     446
     521
     634
     610
     606
     475
     417
     358
     275
     236
     248
     237
     261
     254
     253
     220
     247
     202
     233
     217
     257
     253
     287
     291
     279
     299
     272
     264
     237
     236
     229
     225
     201
     210
     219
     207
     207
     215
     215
     215
     222
     220
     230
     194
     228
     213
     220
     219
     210
     236
     199
     208
     201
     186
     196
     226
     189
     205
     205
     220
     222
     210
     229
     249
     239
     286
     311
     317
     359
     325
     316
     274
     263
     243
     237
     213
     220
     220
     234
     209
     241
     255
     290
     329
     418
     385
     469
     376
     392
     317
     265
     211
     209
     216
     192
     207
     225
     216
     197
     219
     242
     212
     206
     197
     188
     219
     205
     196
     220
     201
     213
     186
     207
     237
     206
     207
     207
     203
     208
     219
     212
     215
     212
     202
     191
     206
     204
     217
     218
     181
     221
     229
     213
     231
     197
     211
     208
     215
     208
     194
     209
     216
     196
     216
     227
     221
     224
     221
     190
     238
     220
     209
     204
     205
     228
     235
     262
     351
     434
     600
     710
     781
     828
     779
     621
     466
     398
     290
     244
     219
     227
     186
     224
     217
     198
     189
     197
     216
     188
     206
     218
     206
     201
     224
     202
     214
     208
     214
     206
     217
     202
     204
     205
     197
     202
     217
     230
     218
     206
     216
     197
     227
     224
     192
     235
     226
     223
     234
     208
     225
     217
     215
     233
     214
     233
     256
     272
     236
     278
     292
     372
     484
     742
    1314
    2284
    4078
    7109
   11211
   16199
   20616
   23048
   22451
   18600
   13555
    8561
    4750
    2262
     969
     441
     276
     166
     142
     159
     135
     123
     113
     135
     119
     117
     117
     106
     123
     110
     114
     127
     123
     110
     121
     130
     140
     112
     142
     145
     118
     112
     133
     134
     110
     112
     108
     109
     120
     120
     118
     116
     111
     134
     110
     133
     122
     113
     126
     120
     114
      94
     133
     141
     107
     121
     109
     141
     121
     125
     118
     110
     119
     105
     119
     141
     114
     113
     113
     119
     132
     121
     120
     132
     129
     125
     108
     106
     126
     119
     117
     129
     122
     116
     112
     109
     112
     113
     138
     146
     155
     158
     174
     186
     193
     190
     153
     145
     125
     110
     125
     110
     109
     112
     103
     132
     178
     158
     174
     167
     154
     143
     146
     132
     132
     118
     116
     127
     106
     118
     105
     114
     108
     131
     145
     152
     202
     271
     299
     308
     336
     304
     258
     203
     173
     146
     149
     130
     143
     137
     133
     148
     126
     135
     132
     120
     115
     122
     116
     119
     116
     121
     126
     113
     120
     102
     117
     115
      86
     107
     111
     110
     103
     111
     119
     105
     104
     121
      96
     103
     112
     126
      97
     117
     112
     128
     126
     134
     118
     121
     126
      98
     126
     106
     127
     113
     100
     113
     120
     125
     112
      98
     109
     124
     108
     119
      98
     111
     101
     128
     111
      89
     107
     118
     110
     118
     101
     134
     153
     169
     143
     152
     119
     132
     116
     103
     118
     115
     108
     119
     133
     130
     134
     130
     137
     130
     116
     115
      98
     102
      97
     118
     114
     107
     111
     104
     114
     109
      95
      97
     126
      99
     104
      87
     112
      94
      96
     100
      82
     100
      96
      95
      88
     115
     113
      90
     100
      98
     123
     116
     120
     100
     126
     118
     123
     121
      99
     105
      98
      80
     101
      99
     112
     105
      91
      93
     105
     110
      98
      79
     103
     111
     115
      73
     102
      97
     101
      97
     104
     103
     109
      97
     111
      96
     101
     106
     112
      91
     109
     107
      89
      98
     101
      92
      88
     119
     102
     107
     101
     130
      80
      93
      98
      81
      81
     109
      97
     111
     102
     109
     103
     127
     111
     149
     166
     148
     143
     139
     130
     147
     136
     149
     152
     161
     140
     151
     113
     132
     102
     113
     145
     185
     209
     290
     337
     374
     328
     368
     309
     234
     193
     164
     155
     175
     179
     233
     282
     272
     272
     224
     228
     216
     180
     150
     152
     138
     100
     100
      82
     126
     109
     116
      98
     118
     134
     130
     132
     137
     114
     113
     117
     102
     106
      84
      89
      94
      79
      82
      80
      91
      91
      91
     104
      78
      98
      95
      78
      97
      86
      98
      80
      72
     106
     101
     100
     110
      95
     101
     104
     112
     110
     117
     109
     130
     129
     134
     106
      96
     116
      98
      99
      89
      83
      93
      92
     112
     100
      83
     115
     117
     131
     168
     174
     176
     226
     209
     210
     197
     155
     122
     110
     103
     116
      91
     120
     112
     107
     104
      94
     110
      87
     105
      98
     103
      99
     110
     115
     134
     149
     170
     198
     232
     238
     203
     217
     144
     169
     112
      85
     111
      95
      89
      89
     100
      88
     116
      96
     103
      93
     106
     110
     104
     130
     124
     115
     131
     104
     105
      97
      78
      99
      87
      79
      87
      95
      86
     103
      88
      89
      87
      75
      84
      89
      81
      74
      74
      81
      89
      98
      86
      76
      72
      93
      85
      86
      87
      88
      91
      87
      81
      89
      83
      77
      95
      82
      91
     101
      98
      85
      87
     111
      79
      76
      87
      88
      90
      81
      80
      84
      91
     104
     120
     121
     145
     178
     160
     177
     139
     142
     132
     105
      93
      94
      80
     114
      94
      89
      87
      80
      98
      92
      89
      86
      83
     104
      82
      78
      70
      95
      94
      76
      82
      76
     101
      66
      74
      86
      75
      61
      84
      78
      63
      74
      92
     100
      96
      79
      80
      78
      96
      87
      83
      94
      77
      74
      85
      83
      87
     103
      90
      96
      68
      86
      82
      86
      89
      97
      99
     106
     112
     109
     100
      74
     104
      99
      78
      95
      84
      73
      78
      83
      74
      88
     102
      93
      87
     100
      84
      88
      83
     103
      88
      71
     108
      78
      79
      88
      74
      78
      90
      79
      94
      92
     108
      92
      80
      82
     106
      85
      78
      77
      87
      77
      87
      86
      74
      83
      90
      79
      85
      84
      72
      82
      77
     104
      80
      66
      74
      92
      68
      63
      96
      82
      91
      85
      77
      84
      66
      95
      79
     100
      87
      87
      69
      69
     104
      92
      93
      95
      80
      75
      78
      83
      87
      83
      82
      83
      52
      79
      83
      82
      90
      85
      73
      75
      76
      84
      80
      85
      81
      81
      93
      68
      69
      87
      88
      88
      86
     111
     121
      99
     144
     151
     108
     118
      94
     118
     137
     138
     170
     223
     282
     301
     291
     283
     242
     168
     154
     116
      82
      84
      62
      75
      70
      77
      76
      78
      72
      65
      84
      85
      92
      89
      89
      74
      72
      65
      93
      84
      75
      79
      67
      65
      72
      83
      76
      80
      72
      75
      83
      79
      70
      91
      74
      59
      76
      76
      74
      75
      83
      67
      75
      91
      68
      63
      86
      86
      82
      82
      86
      88
      66
      57
      69
      69
      84
      75
      82
      71
      91
      69
      63
      99
      69
      77
      65
      84
      75
      91
      65
      83
      81
      88
      82
      74
      88
      83
      81
      86
     117
     143
     164
     262
     390
     579
     760
     972
    1134
    1292
    1323
    1064
     769
     616
     348
     223
     129
      85
      92
      87
      79
      80
      73
      74
      71
      61
      82
      78
      70
      67
      76
      80
      81
      72
      77
      84
      80
      85
      68
      73
      70
      85
      90
      94
      94
     139
     157
     143
     181
     173
     186
     162
     115
     106
      99
      78
      69
      67
      70
      64
      73
      77
      80
      69
      85
      73
      77
      65
      61
      67
      77
      81
      67
      71
      70
      65
      65
      67
      81
      62
      63
      88
      75
      76
      79
      62
      68
      71
      51
      83
      81
      79
      79
      80
      69
      80
      74
      69
      67
      75
      65
      94
      79
      74
      77
      63
      55
      69
      65
      71
      79
      63
      79
      68
      73
      75
      87
      72
      63
      75
      66
      80
      78
      82
      72
      71
      82
      74
      83
      65
      96
      73
      83
      82
      65
      82
      75
      85
      88
      71
      63
      71
      81
      84
      73
      65
      62
      69
      78
      68
      57
      66
      74
      76
      67
      74
      67
      72
      77
      70
      73
      76
      63
      90
      86
      74
      77
      72
      67
      76
      84
      87
      84
      80
      67
      75
      62
      66
      94
      68
      70
      61
      82
      69
      75
      79
      79
      77
      77
      71
      77
      81
      64
      89
      77
      77
      58
      72
      64
      69
      86
      80
      69
      76
      81
      76
      82
      86
      95
      86
     113
     102
      92
      87
      84
      85
      59
      69
      70
      71
      77
      72
      72
      70
      69
      71
      77
      82
      73
      96
      81
     108
     153
     181
     221
     227
     221
     195
     192
     165
     136
     116
      92
      81
      68
      67
      84
      69
      85
      69
      93
      83
      55
      69
      63
      55
      65
      71
      87
      62
      73
      70
      70
      74
      75
      62
      84
      67
      73
      74
      66
      68
      60
      72
      59
      77
      72
      84
      75
      67
      71
      75
      67
      78
      68
      74
      63
      76
      67
      64
      66
      68
      91
      71
      64
      61
      74
      71
      83
      69
      72
      52
      61
      79
      81
      85
     104
      88
      84
      71
      77
      84
      64
      74
      65
      66
      73
      81
      84
      71
      76
      60
      79
      58
      64
      56
      63
      70
      66
      68
      83
      83
      67
      52
      72
      75
      75
      82
      76
      66
      68
      84
      78
      86
      63
      75
      71
      76
      92
      68
      70
      84
      81
      71
      99
      65
      93
      73
      70
      65
      77
      68
      80
      77
      89
      71
      80
      86
      88
      79
      84
      78
      73
      87
      65
      62
      71
      77
      72
      76
      64
      54
      67
      59
      73
      74
      77
      70
      71
      61
      68
      68
      75
      71
      69
      59
      67
      85
      67
      77
      71
      61
      49
      57
      74
      76
      75
      86
      81
      84
      76
      70
      73
      75
      79
      77
      63
      73
      79
      63
      64
      78
      73
      77
      80
      75
      66
      78
      69
      57
      78
      71
      72
      64
      77
      79
      61
      67
      62
      82
      76
      66
      73
      72
      66
      83
      67
      64
      69
      74
      68
      80
      91
      58
      66
      63
      79
      68
      67
      82
      79
      73
      75
      77
      75
      75
      72
      84
      87
      86
      80
      72
      79
      63
      64
      70
      82
      73
      86
      95
      71
      66
      95
      75
      80
      66
      78
      71
      72
      74
      89
      84
      85
      80
      89
     114
     113
     100
      78
     103
     105
      82
      59
      75
      62
      52
      67
      62
      76
      66
      78
      82
      67
      83
      88
      81
      66
      74
      71
      73
      82
      74
      84
      87
      72
      79
      73
      68
      69
      83
      65
      68
      74
      72
      75
      61
      56
      67
      76
      59
      62
      85
      70
      83
      79
      82
      73
      64
      77
      80
      68
      67
      84
      72
      54
      71
      82
      84
      79
      86
      72
      77
      77
      56
      77
      60
      55
      73
      51
      71
      77
      70
      54
      83
      74
      66
      61
      72
      68
      61
      69
      62
      72
      74
      58
      74
      76
      61
      63
      70
      75
      89
      64
      56
      78
      56
      76
      54
      66
      64
      69
      69
      60
      89
      74
      64
      56
      54
      54
      73
      78
      89
      58
      70
      55
      67
      78
      78
      72
      68
      67
      76
      52
      66
      73
      79
      56
      55
      63
      67
      55
      66
      61
      76
      62
      59
      58
      67
      66
      66
      76
      67
      61
      63
      49
      69
      57
      51
      62
      61
      58
      61
      75
      61
      73
      84
      89
      70
      65
      65
      55
      57
      48
      65
      54
      73
      79
      83
      92
      77
      58
      63
      61
      78
      66
      61
      71
      55
      72
      81
      67
      81
      66
      75
      64
      62
      79
      77
      60
      70
      60
      60
      69
      53
      65
      63
      70
      62
      59
      65
      68
      55
      70
      67
      65
      82
      64
      55
      61
      54
      67
      49
      71
      63
      70
      61
      64
      61
      66
      65
      52
      69
      67
      58
      63
      65
      72
      70
      57
      61
      74
      67
      50
      65
      63
      64
      79
      58
      72
      78
      68
      86
      70
      76
      66
      58
      57
      60
      60
      78
      63
      56
      63
      60
      61
      66
      63
      57
      61
      60
      68
      62
      67
      60
      44
      58
      59
      67
      59
      71
      71
      56
      63
      61
      58
      63
      61
      75
      58
      58
      64
      59
      71
      68
      58
      61
      82
      67
      74
      66
      63
      61
      74
      57
      62
      58
      59
      65
      80
      74
      69
      72
      63
      57
      61
      59
      69
      66
      48
      50
      58
      72
      62
      59
      70
      57
      80
      52
      53
      51
      62
      59
      66
      59
      52
      61
      68
      76
      45
      68
      72
      57
      53
      64
      64
      81
      66
      59
      66
      78
      66
      63
      54
      59
      83
      71
      63
      49
      66
      77
      67
      57
      78
      60
      58
      71
      74
      80
      74
      75
      47
      72
      70
      59
      63
      53
      54
      54
      47
      58
      65
      74
      80
      64
      58
      55
      47
      47
      62
      51
      60
      69
      56
      45
      49
      63
      66
      60
      54
      66
      77
      50
      61
      64
      57
      67
      71
      83
      62
      67
      55
      68
      70
      66
      74
      82
      77
      74
      81
      86
      64
      65
      76
      69
      66
      59
      54
      63
      59
      63
      65
      55
      71
      69
      68
      74
      84
      85
     107
     139
     154
     191
     201
     265
     260
     262
     310
     283
     263
     230
     217
     190
     146
     105
      97
      84
      88
      78
      74
      74
      69
      79
      65
      60
      72
      68
      76
      72
      60
      45
      64
      64
      55
      66
      65
      67
      75
      76
      78
      81
      72
      73
      85
      93
     111
     123
     131
     138
     149
     144
     113
     110
     115
      80
      73
      59
      57
      66
      66
      66
      55
      64
      46
      60
      67
      65
      56
      56
      54
      50
      55
      61
      60
      64
      61
      74
      71
      69
      65
      60
      72
      49
      59
      65
      69
      65
      63
      54
      75
      65
      47
      65
      60
      55
      47
      63
      69
      66
      64
      64
      71
      62
      70
      54
      73
      68
      58
      63
      73
      69
      67
      61
      57
      58
      72
      73
      60
      63
      74
      61
      79
      69
      56
      55
      66
      64
      75
      56
      63
      47
      58
      63
      72
      64
      75
      57
      62
      58
      61
      66
      56
      68
      70
      63
      73
      60
      55
      54
      47
      73
      76
      47
      50
      70
      57
      65
      52
      62
      67
      60
      58
      58
      71
      65
      57
      63
      52
      73
      62
      50
      64
      66
      58
      63
      60
      73
      69
      61
      66
      49
      44
      52
      51
      63
      72
      73
      76
      78
      69
      72
      72
      55
      55
      57
      72
      64
      71
      54
      64
      65
      66
      64
      57
      72
      63
      76
      64
      53
      52
      86
      46
      69
      69
      71
      54
      63
      65
      63
      68
      54
      58
      60
      46
      66
      65
      60
      65
      62
      64
      76
      46
      66
      58
      51
      66
      76
      53
      64
      75
      68
      59
      55
      68
      70
      51
      69
      51
      70
      55
      67
      63
      71
      73
      65
      68
      67
      60
      62
      69
      51
      65
      68
      68
      60
      64
      56
      55
      52
      61
      69
      71
      64
      92
      90
      90
     110
     148
     180
     247
     286
     335
     356
     370
     353
     315
     269
     206
     130
     127
      70
      83
      59
      60
      59
      68
      80
      61
      69
      58
      52
      63
      64
      70
      62
      58
      74
      60
      68
      63
      53
      64
      71
      67
      70
      58
      63
      71
      59
      67
      58
      65
      65
      66
      55
      53
      71
      77
      98
     106
     122
     135
     163
     170
     197
     201
     217
     185
     150
     142
     103
     110
      75
      79
      75
      58
      58
      65
      52
      71
      60
      53
      77
      68
      65
      73
      60
      85
      62
      54
      58
      65
      70
      61
      79
      57
      75
      57
      70
      54
      58
      54
      65
      70
      61
      55
      61
      66
      58
      74
      68
      62
      68
      61
      72
      48
      63
      62
      57
      74
      63
      59
      71
      64
      65
      56
      67
      54
      62
      64
      63
      56
      57
      60
      58
      69
      68
      45
      76
      53
      63
      65
      49
      60
      61
      85
      60
      70
      60
      65
      59
      73
      54
      74
      59
      70
      75
      54
      58
      64
      61
      68
      68
      65
      77
      62
      73
      49
      58
      51
      47
      55
      69
      37
      64
      77
      59
      70
      74
      60
      53
      65
      61
      73
      68
      69
      70
      67
      66
      84
      69
      67
      64
      66
      67
      67
      68
      55
      80
      65
      68
      70
      55
      70
      63
      66
      65
      72
      63
      67
      68
      75
      56
      68
      69
      58
      56
      60
      62
      59
      77
      74
      83
      56
      69
      74
      71
      80
      75
      64
      64
      59
      59
      76
      59
      69
      57
      59
      68
      76
      73
      65
      62
      55
      66
      74
      59
      76
      82
      54
      66
      86
      76
      70
      80
      86
      77
      89
      87
      90
      85
      85
      83
      82
      69
      61
      75
      65
      89
      63
      50
      72
      65
      61
      63
      61
      66
      63
      48
      77
      55
      71
      64
      85
      62
      71
      60
      75
      70
      74
      69
      69
      65
      65
      62
      69
      72
      78
      67
      68
      61
      61
      81
      73
      68
      69
      79
      61
      62
      68
      72
      75
      69
      63
      71
      63
      63
      78
      69
      74
      59
      60
      69
      86
      62
      75
      78
      78
      61
      55
      85
      81
      72
      79
      64
      70
      73
      78
      51
      63
      70
      62
      66
      70
      63
      64
      81
      62
      64
      78
      85
      65
      72
      70
      73
      85
      78
      65
      70
      67
      67
      62
      65
      73
      64
      65
      54
      73
      82
      61
      78
      70
      63
      63
      63
      73
      78
      83
      80
      68
      69
      60
      79
      82
      57
      69
      64
      72
      50
      65
      60
      64
      59
      62
      62
      72
      61
      59
      80
      70
      70
      81
      78
      70
      63
      79
      71
      52
      81
      86
      66
      70
      73
      69
      77
      71
      77
      77
      55
      61
      74
      63
      68
      62
      75
      62
      85
      70
      78
      73
      70
      80
      86
      65
      70
      63
      75
      71
      61
      69
      80
      81
      67
      80
      68
      73
      60
      61
      84
      69
      73
      73
      79
      85
      67
      84
      75
      78
      61
      59
      81
      78
      68
      65
      85
      73
      69
      61
      76
      80
      87
      63
      67
      65
      75
      74
      80
      64
      66
      63
      64
      57
      74
      78
      73
      57
      75
      69
      76
      89
      66
      76
      67
      64
      60
      62
      57
      58
      73
      67
      65
      52
      48
      60
      68
      72
      57
      56
      77
      68
      67
      60
      67
      65
      54
      50
      59
      52
      68
      57
      57
      57
      64
      59
      59
      54
      48
      53
      46
      71
      59
      60
      54
      60
      61
      46
      57
      53
      69
      48
      57
      55
      50
      54
      54
      62
      43
      53
      47
      46
      43
      66
      56
      61
      56
      51
      51
      55
      55
      49
      47
      62
      58
      57
      49
      51
      60
      56
      52
      54
      47
      52
      58
      45
      53
      55
      46
      62
      62
      49
      52
      50
      66
      51
      62
      50
      46
      52
      54
      51
      42
      60
      52
      56
      52
      53
      40
      43
      64
      51
      53
      63
      66
      67
      54
      44
      52
      49
      54
      57
      55
      51
      48
      47
      51
      56
      58
      57
      39
      68
      55
      63
      53
      65
      49
      43
      54
      45
      63
      58
      34
      46
      38
      58
      58
      61
      60
      47
      44
      58
      48
      58
      45
      62
      70
      52
      50
      41
      44
      43
      58
      34
      54
      61
      43
      53
      52
      43
      50
      56
      39
      45
      57
      60
      42
      43
      48
      53
      35
      53
      56
      57
      61
      78
      88
     102
     103
     123
     124
     127
     128
     108
     103
     100
      69
      55
      56
      49
      42
      43
      42
      41
      41
      53
      48
      43
      44
      54
      58
      43
      45
      40
      49
      46
      38
      42
      46
      42
      56
      34
      38
      52
      40
      39
      43
      34
      45
      46
      48
      42
      51
      45
      42
      46
      37
      41
      44
      41
      39
      42
      36
      42
      35
      42
      32
      57
      49
      39
      47
      53
      47
      28
      50
      46
      47
      40
      37
      40
      41
      38
      34
      46
      49
      40
      46
      34
      36
      27
      45
      50
      39
      37
      25
      36
      33
      36
      46
      42
      42
      45
      41
      46
      35
      34
      31
      41
      31
      35
      29
      32
      30
      27
      33
      30
      44
      37
      41
      43
      29
      43
      41
      38
      44
      45
      31
      45
      39
      34
      39
      41
      36
      43
      34
      35
      31
      32
      42
      27
      35
      40
      38
      34
      34
      36
      24
      25
      28
      22
      29
      29
      29
      33
      38
      30
      41
      35
      44
      25
      43
      39
      30
      30
      38
      35
      21
      41
      37
      35
      35
      29
      30
      28
      37
      33
      19
      24
      26
      28
      18
      31
      27
      36
      24
      35
      38
      36
      26
      35
      38
      30
      28
      30
      34
      33
      37
      40
      40
      33
      40
      44
      46
      47
      35
      41
      26
      29
      33
      29
      28
      28
      24
      26
      33
      37
      31
      30
      34
      29
      41
      34
      30
      23
      30
      29
      29
      37
      23
      38
      35
      29
      31
      28
      24
      29
      36
      30
      20
      22
      36
      25
      32
      24
      37
      27
      30
      35
      31
      29
      27
      31
      24
      25
      26
      33
      29
      32
      25
      25
      24
      24
      36
      25
      30
      23
      32
      28
      31
      31
      29
      29
      34
      34
      27
      23
      27
      24
      37
      26
      25
      23
      14
      30
      30
      25
      26
      38
      32
      19
      29
      33
      36
      37
      23
      31
      29
      26
      28
      32
      24
      28
      23
      27
      27
      27
      26
      31
      20
      27
      28
      23
      29
      26
      23
      26
      17
      32
      26
      30
      26
      32
      34
      26
      19
      24
      27
      16
      25
      31
      33
      27
      27
      30
      35
      23
      33
      25
      33
      33
      32
      32
      21
      32
      30
      28
      28
      26
      33
      25
      27
      17
      21
      29
      39
      28
      30
      22
      23
      21
      30
      28
      20
      31
      26
      45
      29
      34
      24
      31
      32
      27
      36
      26
      39
      28
      29
      33
      33
      24
      31
      26
      27
      27
      31
      30
      34
      29
      23
      27
      36
      32
      28
      24
      33
      30
      27
      27
      31
      35
      29
      23
      25
      37
      29
      32
      23
      31
      27
      22
      27
      33
      34
      26
      31
      25
      28
      28
      24
      24
      25
      29
      31
      32
      34
      31
      16
      28
      38
      34
      30
      36
      31
      27
      27
      22
      33
      22
      35
      19
      29
      30
      29
      37
      29
      26
      26
      32
      35
      25
      29
      36
      39
      36
      71
      78
     124
     172
     230
     317
     459
     627
     871
    1115
    1416
    1734
    1946
    2068
    2054
    1888
    1620
    1267
     949
     600
     372
     242
     116
      81
      45
      29
      22
      15
      18
      14
      24
      20
      21
      18
      17
      16
      24
      22
      17
      20
      21
      14
      24
      22
      28
      18
      25
      21
      21
      26
      20
      28
      19
      23
      16
      21
      17
      15
      21
      23
      26
      22
      14
      28
      14
      21
      17
      21
      13
      23
      16
      11
      18
      15
      23
      11
      10
      14
      13
      19
      23
      28
      27
      11
      32
      11
      16
      17
      13
      21
      20
      15
      20
      21
      32
      26
      18
      25
      24
      16
      25
      25
      17
      25
      23
      17
      15
      12
      23
      32
      20
      23
      18
      28
      17
      28
      21
      11
      22
      23
      15
      24
      14
      18
      19
      17
      27
      18
      19
      20
      17
      23
      15
      23
      15
      21
      28
      14
      25
      32
      28
      30
      20
      19
      14
      22
      18
      14
      17
      14
      19
      15
      17
      17
      15
      18
      20
      19
      14
      29
      23
      16
      25
      20
      18
      25
      26
      22
      26
      27
      21
      18
      19
      23
      18
      20
      11
      19
      16
      22
      20
      12
      16
      16
      19
      24
      22
      17
      18
      20
      16
      21
      19
       9
      24
      19
      19
      17
      18
      13
      27
      20
      22
      17
      30
      20
      14
      12
      23
      16
      20
      18
      29
      17
      13
      24
      26
      19
      18
      16
      19
      19
      25
      19
      11
      22
      13
      24
      29
      19
      28
      22
      17
      22
      22
      19
      16
      23
      29
      24
      28
      19
      23
      18
      19
      14
      20
      15
      20
      28
      17
      15
      25
      19
      18
      19
      23
      17
      18
      20
      18
      23
      13
      18
      17
      22
      16
      20
      18
      11
      15
      18
      22
      22
      14
      24
      14
      14
      17
      21
      18
      18
      20
      16
      19
      15
      13
      10
      20
      13
      12
      19
      19
      24
      21
      19
      17
      27
      30
      13
      20
      15
      17
      26
      19
      24
      17
      24
      23
      19
      24
      15
      23
      20
      23
      23
      18
      21
      19
      22
      16
      26
      17
      19
      18
      21
      23
      22
      18
      24
      14
      22
      22
      16
      24
      22
      15
      17
      23
      23
      12
      15
      14
      17
      28
      20
      12
      16
      23
      16
      23
      16
      16
      14
      22
      16
      21
      20
      14
      22
      14
      18
      15
      15
      17
      15
      25
      20
      26
      18
      19
      14
      17
      17
      24
      21
      18
      19
      16
      17
      16
       9
      17
      24
      21
      28
      21
      40
      21
      18
      18
      31
      33
      31
      31
      37
      34
      27
      40
      23
      25
      23
      21
      34
      13
      15
      17
      17
      15
      18
      17
      21
      17
      17
      12
      22
      21
      10
      10
      22
      11
      13
      15
      21
      24
      17
      13
      19
      25
      18
      15
      26
      20
      23
      19
      24
      24
      21
      21
      13
      23
      23
      20
      21
      17
      24
      22
      16
      27
      15
      21
      22
      20
      18
      21
      18
      21
      11
      33
      15
      20
      11
      22
      15
      22
      22
      18
      25
      22
      18
      23
      26
      17
      20
      15
      17
      18
      21
      23
      21
      22
      11
      16
      11
      16
      19
      18
      28
      17
      15
      11
      19
      18
      18
      16
      23
      15
      29
      26
      21
      23
      14
      17
      19
      19
      25
      21
      25
      10
      17
      13
      21
      20
      14
      16
      16
      21
      20
      13
      25
      23
      21
      19
      15
      11
      21
      17
      16
      20
      12
      17
      20
      18
      12
      20
      17
      19
      18
      21
      23
      20
      12
      21
      19
      27
      17
      16
      24
      18
      27
      22
      24
      23
      22
      25
      26
      15
      22
      14
      18
      10
      17
      18
      17
      18
      23
      14
      19
      17
      23
      16
      13
      15
      19
      19
      16
      26
      20
      21
      17
      22
      31
      14
      18
      13
      17
      22
      23
      17
      24
      15
      15
      25
      25
      21
      26
      21
      28
      20
      24
      18
      27
      16
      16
      20
      10
      16
      22
      21
      25
      19
      19
      25
      33
      20
      21
      19
      23
      20
      24
      13
      21
      14
      15
      25
      17
      20
      18
      21
      24
      21
      20
      24
      23
      18
      19
      24
      22
      25
      27
      20
      16
      21
      14
      29
      20
      22
      18
      27
      20
      15
      16
      16
      21
      20
      21
      17
      22
      16
      19
      19
      10
      16
      21
      18
      25
      25
      23
      17
      25
      21
      22
      21
      16
      18
      25
      18
      24
      22
      14
      15
      18
      23
      16
      15
      18
      17
      21
      24
      29
      22
      24
      18
      22
      21
      29
      27
      31
      17
      26
      22
      19
      16
      13
      19
      15
      18
      18
      22
      19
      11
      22
      23
      22
      24
      21
      18
      16
      21
      18
      26
      20
      20
      19
      29
      18
      21
      23
      24
      25
      17
      16
      24
      26
      25
      28
      31
      24
      30
      14
      30
      19
      19
      20
      20
      24
      25
      26
      22
      29
      20
      17
      24
      25
      16
      17
      19
      29
      20
      26
      19
      24
      22
      27
      26
      17
      22
      29
      24
      32
      27
      23
      26
      32
      18
      23
      30
      31
      21
      29
      18
      30
      23
      20
      15
      31
      30
      28
      17
      28
      31
      29
      29
      30
      26
      27
      27
      25
      32
      24
      20
      30
      19
      25
      26
      35
      28
      23
      30
      20
      16
      29
      33
      35
      36
      31
      17
      23
      30
      23
      30
      23
      24
      29
      16
      31
      36
      36
      39
      31
      37
      47
      37
      43
      37
      50
      42
      48
      58
      62
      43
      30
      48
      59
      41
      44
      41
      48
      41
      49
      41
      53
      58
      62
      63
      74
      84
      91
      99
     145
     208
     315
     439
     755
    3106
   16151
   62522
  142160
  177124
  119942
   43332
    8908
    1108
     170
      85
      61
      65
      44
      39
      43
      65
      47
      31
      30
      42
      43
      44
      38
      31
      34
      32
      38
      37
      30
      44
      38
      25
      34
      33
      22
      47
      44
      30
      43
      25
      34
      42
      33
      43
      37
      26
      32
      33
      28
      30
      29
      25
      35
      34
      28
      28
      28
      30
       0
       0
       0
       0
       0
       0
       0
       0
       0
       0
       0
       0
       0
       0
       0
       0
       0
       0
       0
       0
       0
       0
       0
       0
       0
       0
       0
       0
       0
       0
       0
       0
       0
       0
       0
       0
       0
       0
       0
       0
       0
       0
       0
       0
       0
       0
       0
       0
       0
       0
       0
       0
       0
       0
       0
       0
       0
       0
       0
       0
       0
       0
       0
       0
       0
       0
       0
       0
       0
       0
       0
       0
       0
       0
       0
       0
       0
       0
       0
       0
       0
       0
       0
       0
       0
       0
       0
       0
       0
       0
       0
       0
       0
       0
       0
       0
       0
       0
       0
       0
       0
       0
       0
       0
       0
       0
       0
       0
       0
       0
       0
       0
       0
       0
       0
       0
       0
       0
       0
       0
       0
       0
       0
       0
       0
       0
       0
       0

