        0        0        0        0        0        0        0        0        0        0
        0        0        0        0        0        0        0        0        0        0
        0        0        0        0        0        0        0        0        0        0
        0        0        0        0        0        0        0        0        0        0
        0        0        0        0        3        5        6       -1        5        5
        1        6        5       14        9       11       15       13       36       39
       41       37       33       39       80      106      134      182      146      139
      197      178      250      284      456      466      563      809      524      443
      446      400      301       64      139      358      672      666      526      375
      414      308      426      477      383      398      462      434      454      442
      353      520      533      428      277      350      476      525      495      528
      461      551      615      585      550      516      616      526      614      723
      690      630      799      659      515      815      641      633      610      564
      819      627      561      700      687      622      620      633      771      561
      644      629      520      703      675      606      561      641      733      596
      708      646      715      468     1021     1058     1455      682      572      550
      574      590      573      641      638      611      694      642      740      700
      708      674      646      679      697      659      681      622      735      685
      937     1356     1163      792      687      667      690      642      626      768
      805      719      823      728      757      769      796      811      845      762
      733      767      736      798      810      881      855      929      946      902
      906      764      712      978      954      940      829      945      939      956
      872      973      900      923      784      975      855      807      743      864
      905      792      821      826      814      850      826      842      885      883
      863      915      792      819      795      786      823      801      793      899
      799      763      805      806      776      710      701      767      804      710
      734      793      701      750      751      750      714      780      644      641
      658      728      588      663      656      561      726      670      751      692
      665      632      694      697      626      696      610      666      723      533
      706      596      614      611      703      644      655      565      632      621
      620      604      613      622      629      585      479      573      586      683
      521      571      599      547      571      544      640      555      508      725
      691      677      771      581      587      570      723      657      659      610
      516      552      543      645      541      511      554      554      500      550
      547      518      576      389      605      511      565      533      551      542
      515      542      596      556      575      605      594      500      506      467
      631      604      615      630      519      517      561      433      505      451
      511      448      471      505      485      464      528      528      433      466
      440      495      531      523      527      523      582      502      427      550
      440      346      379      319      260      163      119      221       93       67
      104      113      135       83      114       59      124      107      249      330
      410      438      451      603      553      652      676      709      764      701
      690      691      734      693      625      607      596      636      548      670
      557      562      556      539      466      480      545      554      620      790
      968     1068     1289     1574     1745     1841     1952     1916     1816     1697
     1438     1231      940      744      474      449      242      166      150       88
       40      -52      -21       79       84       68       22      139      205      300
      368      486      489      563      567      629      557      566      620      510
      618      502      610      238      477      475      581      443      561      591
      554      574      529      567      529      515      549      530      591      566
      617      605      541      546      510      585      583      700     1248     2787
     3752     3633     2131     1084      706      540      635      548      413      593
      522      475      478      453      431      476      438      427      429      414
      424      427      396      467      463      451      464      432      409      423
      450      426      412      466      480      424      412      437      407      379
      402      412      508      392      432      422      381      457      444      416
      392      450      389      378      421      432      451      427      404      384
      424      352      417      411      368      350      388      466      400      428
      448      430      439      426      421      382      373      371      393      375
      438      407      401      435      412      537      504      442      387      376
      457      396      400      463      468      470      596      508      366      427
      403      353      381      382      399      440      434      423      375      438
      407      393      428      439      409      390      528      476      532      480
      441      397      415      423      406      439      417      368      416      382
      413      395      438      418      404      417      477      454      489      448
      446      490      469      453      443      443      428      489      424      444
      401      401      383      444      431      394      405      485      444      393
      407      485      453      492      500      550      469      414      435      371
      406      444      426      420      436      504      617     1913     6546     9899
     5762     1824      775      618      856      812      612      472      428      404
      420      440      418      417      433      408      471      421      390      424
      461      473      577      624      469      446      515      496      493      500
      513      517      540      534      545      445      499      483      462      396
      378      428      351      361      325      331      351      348      352      316
      342      372      387      359      340      388      386      347      418      381
      361      355      364      369      371      400      366      357      405      384
      355      343      400      355      355      391      466      481      452      389
      379      359      396      334      406      378      332      343      381      427
      343      290      356      351      354      355      304      258      407      360
      320      390      330      375      359      359      342      386      429      365
      350      388      364      345      329      386      404      351      416      342
      310      386      398      322      345      353      340      356      381      399
      288      409      358      341      358      326      289      346      374      373
      363      323      392      372      415      373      379      374      350      391
      312      345      322      270      337      426      169      323      450      360
      345      393      407      357      357      425      399      337      380      371
      395      386      345      388      395      369      427      392      402      405
      395      397      446      679     1481     4314     8174     7039     2769      844
      476      399      401      412      326      380      389      320      342      399
      381      374      348      443      348      455      553      572      510      465
      435      445      465      459      489      451      410      426      361      348
      397      376      404      372      348      338      353      401      308      388
      367      345      360      356      391      423      468     1022     2694     7976
    12008     7963     2748      877      567      507      474      454      418      369
      347      345      334      462      404      285      304      239      267      205
      233      287      224      254      247      256      212      275      256      336
      275      271      286      262      276      336      285      289      336      269
      252      262      238      266      281      309      275      247      240      240
      237      176      174      197      205      267      296      239      229      285
      272      296      331      262      296      294      241      267      270      232
      239      238      249      253      270      271      264      332      338      432
      401      280      236      153      257      217      233      228      218      254
      285      261      266      196      282      276      256      250      224      277
      232      227      249      263      275      251      244      223      278      239
      275      249      263      233      213      233      228      239      291      249
      244      267      269      248      262      275      295      307      239      260
      308      284      273      270      290      248      255      247      259      302
      270      254      280      271      286      270      323      332      258      278
      268      254      232      285      271      309      253      301      314      253
      352      321      324      256      342      333      340      378      352      287
      356      287      315      325      357      325      326      334      376      439
      813     2290     7524    18486    25750    15793     4476     1085      556      391
      290      299      303      301      345      298      316      306      282      270
      262      241      199      219      224      211      148      208      150      201
      186      193      191      180      211      156      227      190      195      190
      166      176      199      166      165      186      205      186      178      169
      178      178      156      165      -63      113      213      344      446      257
      180      161      197      178      158      182      179      187      191      191
      165      158      190      166      201      297      218      217      153      198
      182      156      184      129      173      182      178      157      152      137
      170      176      164      134      170      153      180      130      157      170
      160      180      212      158      162      169      141      137      152      190
      144      134      161      126      156      137      142      144      134      168
      145      148      148      180      173      212      261      189      176      147
      141      137      148      154      150      141      137      105      128      114
      120      130      103      119      107       66       61       74      108      132
      128      141      141      117      102      113      115      123      129      155
      125      120      124      119       93      125      141      175      148      142
      106       97       -4      -35       25      134      132      141      177      158
      149      120      187      308      612     1216     1301      732      303      170
      191      164      164      138      116      114      109      127      136       95
      120      126      110      105      124      122      114      134      108      162
      156      167      303      260      248      201       70      122      125      121
      130      119       97      114      135      129      150      143      147      170
      185      362     1305     4794    13144    22480    18851     6974     1544      452
      204      119      102       73      103       85       70       66       66       70
       45       68       61       34       46       64       41       50       59       42
       68       51       64       56       40       50       73       59       58       75
        7      -95      -88      -38       15       59       43       53       41       51
       30       23        1       15       -3      -47      -54      -61      -72      -41
      -51      -59      -66      -54      -83      -40      -72      -57      -14      -21
       -9      -13       23       27       49       60       67       57       84       72
       55       72       63       72       60       70       70       49       61       69
       70       30       69       63       77       93       91       78      110      107
      190      184      239      269      335      402      412      423      403      369
      320      283      209      164      114       69       41       -2        5      -45
      -43      -38      -59      -41      -68      -52      -71      -64       -2       -7
      -10       44       91       41       60       46       38       75       77      105
       85       79       43       79       45       45       63       75       47       74
       72       71       57       55       54       42       43       75       72       58
       76       72       68       45       56       65       59       90       71       78
      122      119      111       81       82       87       86       86       81       76
       63       99       69       77       71       36       55       66       76       63
       85       97       89      108       88       84       76       71       65       79
       46       77       84       82       47       56       66       77       49       83
       83       81       57       67       74       81       88       86       83       85
      102       74       92       74       86       87       94       95      104       97
      116      113       84      105      104       84      105       95       81       81
       95       93      100       65       66       75       60       71       56      101
       63       55       77       72       57       76       69       71       48       66
       57       47       55       59       25       34       34       60       48       62
       74       78       47       49       57       13      -19      -23       -5       32
       34      107       85      167      265      462      500      309      142       74
       60       80       56       62       65       60       71       78       64       66
       79       60       73       73       50       56       74       61       52       57
       69       68       59       91       76       63       60       62       70       55
       55       47       48       60       66       61       65       57       67       63
       64       62       58       55       55       69       59       33       12       41
        2       12       35       71       51       58       58       55       45       83
       56       48       56       59       46       53       49       63       76       60
       53       76       55       44       54       65       57       55       50       58
       66       69       42       52       72       69       68       48       88       85
       76       84       62       77       46       72       31       54       61       54
       67       36       55       50       59       50       50       70       73       71
       60       62       57       81       56       64       44       47       62       50
       80       57       70       55       68       59       47       68       57       71
       50       66       61       69       46       84       49       61       49       33
       51       70       56       49       52       51       69       42       70       45
       51       68       34       68       54       53       35       47       42       59
       59       68       79       67       57       54       67       72       65       70
       60       53       86      154      447     1371     3391     5085     4417     1912
      508      131       74       55       53       46       57       41       41       36
       30       30       56       57       28       35       52       36       46       45
       44       43       42       42       38       35       39       44       44       28
       26       41       38       35       41       37       45       41       34       37
        6       54       46       44       12       24       47       69       52       66
       66       29       49       22       46       51       35       27       36       62
       45       28       42       29       31       50       34       36       36       26
       47       32       53       48       42       48       27       54       36       37
       50       51       57       42       52       36       35       42       51       55
       52       48       35       51       37       48       27       41       49       37
       36       18       38       47       47       49       43       45       47       51
       36       23       40       45       31       42       54       31       44       47
       44       30       37       32       43       22       20       36       34       34
       50       46       83       52       67       29       33       54       73      -24
      -10       13       76       82       43       64       57       73       27       42
       76       36       52       45       38       59       53       43       32       41
       32       57       38       45       46       57       49       55       33       21
        8      -24      -23       19       34       65       77      109      241      592
     1163     1539     1058      443      190       99       71       68       46       42
       39       40       37       44       62       32       47       46       50       48
       51       30       37       38       34       39       44       30       37       38
       53       56       48       63       63       62       58       51       68       64
       82      120      140      118       71       45       39       58       31       30
        5      -17      -40        6       11       33       40       44       32       29
       34       42       33       38       19       35       38       39       30       34
       23       43       36       36       23       43       56       32       29       42
       30       27       33       39       29       43       36       46       41       30
       33       38       47       37       29       25       29       36       39       39
       27       38       57       35       30       37       33       32       34       29
       34       36       27       26       25       39       40       39       34       49
       29       42       24       32       35       21       37       43       48       14
       29       34       22       28       39       34       36       34       39       41
       74       70       66       55       31       47       37       38       38       28
       51       42       30       41       26       34       41       35       39       30
       30       29       32       32       42       29       16       23       39       35
       40       43       55       89      116       87       72       59       36       13
       33       39       30       29       21       26       31       37       44       32
       28       19       29       37       38       54       37       22       34       28
       30       36       25       25       23       29       33       38       28       22
       31       31       27       28       25       34       38       32       30       34
       49       34       42       29       38       40       49       31       34       29
       79       65      122      107       87       52       57       73      129      383
      972     1865     2351     1921      942      326      134       63       34       46
       38       33       39       46       21       32       33       40       36       26
       41       10       45       25       29       39       38       15       33       25
       25       24       18       15       29       24       26       16       33       33
       30       23       31       22       28       56       49       34       27       15
       39       31       18       40       25       10       31       28       22       29
       22       31       18       24       34       33       24       13       19       14
       27       17       35        9       40       40       23       36       26       47
       31       18       26       23       46       30       29       22       35       27
       23       18       21       23       24       26       24       30       28       36
       47       25       41       41       39       55       41       31       20       28
       16       18       18       14       20      -27      -42      -56      -25        0
       11       11       25       23       30       33       25       12       34       45
       41       21       36       24       28       17       31       29       32       18
       23       28       29       39       25       27       29       35       19       33
       30       18       31       43       30       25       29       26       24       31
       15       26       34       52       34       39       40       42       37       53
       84      116      150      162      138       82       56       39       48       73
       85       83       85       54       58       32       27       25       36       44
       40       25       16       31       36       25       41       46       33       33
       49       25       37       34       43       62       40       28       39       40
       47       35       31       30       44       40       33       28       38       30
       31       39       39       33       32       35       39       38       49       65
       56       55       41       29       33       27       32       38       40       31
       45       42       31       30       29       20       33       36       17       33
       25       20       33       10       25       34       26       25       19       31
       28       36       32       33       38       34       17       25       34       28
       24       34       26       28       27       42       30       35       17       29
       35       45       29       36       29       31       26       21       32       40
       38       46       17       28       32       32       30       39       36       35
       46       39       37       44       29       31       39       50       18       15
       23       13       35       40       36       30       30       33       34       40
       36       45       30       33       29       42       41       36       24       34
       28       25       30       27       18       20       18       37       33       22
       26       23       28       31       35       25       23       23       33       29
       24       22       30       32       37       31       32       25       37       24
       25       20       36       27       28       44       21       38       39       37
       35       29       30       30       37       21       32       24       34       36
       42       18       36       28       21       32       34       22       25       22
       12       16        2       20       10       17       34       26       21       37
       38       43       32       36       20       31       40       52       86       92
      148      213      261      287      177      125       69       41       24       24
       29       26       29       41       22       39       32       36       47       36
       34       18       44       36       31       46       39       54       38       51
       54       79      222      373      688     1119     1354      945      544      197
       89       53       46       20       14       -4       16       14       22       42
       35       33       24       22       21       30       23       22       26       27
       45       41       27       37       35       37       31       11       31       22
       43       33       38       36       25       28       17       19       30       33
       26       14       24       31       28       33       21       26       36       30
       42       28       36       28       34       41       41       30       36       29
       26       33       26       40       27       28       34       39       33       26
       23       27       17       27       36       22       39       27       31       32
       36       44       29       33       24       35       29       34       28       21
       36       26       26       21       34       28       29       20       22       23
       24       24       24       27       26       34       44       14       25       28
       35       32       27       38       10       32       39       42       27       33
       28        7       23       28       26       32       26       25       30       27
       19       39       29       39       22       34       21       18       23       33
       33       45       28       27       31       41       28       25       24       30
       19       14       22       24       35       29       29       35       41       18
       26       27       33       36       30       16       28       17       24       44
       36       27       34       32       19       35       32       32       29       35
       16       24      -16       13       16      -24       45       20       43       33
       29       34       37       23       46       28       24       36       21       39
       22       40       40       38       41       53       34       41       37       45
       48       37       32       36       41       48       54       38       35       49
       50       50       41       31       51       54       46       49       51       58
       38       52       48       48       47       70       97      149      185      260
      451      674      849      777      452      216       97       62       40       38
       25       28       30       24       30       32       36       25       25       36
       18       29       30       27       27       28       25       27       23       30
       27       25       32       32       25       31       39       28       28       28
       17       19       32       20       31       24       49       43       53       72
      124      198      209      166       86       55       37       38       23       23
       26       32       28       29       19       22       29       34       25       22
       26       24       20       28       29       30       34       33       41       27
       34       33       28       20       34       21       16       29       23       20
       22       23       15       20       10       13       14       29       27       18
       27       22       25       10       26       28       18       29       19       23
       27       13       20       23       21       15       34       23       18       16
       23       23       19       17       11       19       20       14       11       22
       17        4       15       16       28       13       11        8        9       24
       35       26       33       14       17       32       34       34       40       31
       12       13       18       17       14        8       10       20       19       14
       15       20       12       21       17       23       16       16       16       18
       16       13       26       12       16       22       18       16       12       14
       18        7       17       20       15       13       11       11       19       17
        9       17        8       13       20       27       14       11       12       23
        6       12       16       13       14       17       15       21       18       11
       16       17       12       20       18       19       17       23       21       20
       15       22       17       22       26       17       27       48      116      271
      584     1190     2083     2773     2869     1952      982      326      129       49
       29       16       11       11        2       12        1        0        8        2
        2        4       10        6        6        0        4        7        0        2
        2        8        2        0        3        5        6       10        1        9
        3        3       10        2        8       -2        4        3        5        6
       -2        8        0        3        2       -2        1        2       -2       -3
       -3        4        8       -3        3        5        0        2       10        2
       -5        4        1        0        5        2       -1       10       -5        9
        6        4        7        4        5        3        8       10        4        5
       11        8       11       18        5        9        7        3        2        2
        4        8        2        8        5        3        1        4        7       -1
       -2        5        5        8        0        1        6        1        3        0
        4        4        8       -1        5       15       20        0        3        4
       12       -3        5        0        2        5        0        0        5        5
       -2       -2        8        2        4        4        2        5        6        2
        3        1       11        2        1       -2        3        4        5        3
        9        6        3        6        0       11        7        2        8        6
        7        8        2       10        7        4        7       10        9        5
        8       -1        5       13       10        7        2        5        4        9
        5       -2        6        5       12        9        2       14        3        5
        5        7       11        0        0        6        3        6        0        0
        3        6        2        0        4        3        4        3        3        6
        5        1        2       -1        5        3        5       10        6        0
        2        3        4        5       -2        0        1       15        0        6
        0        0        2        6       10        9        6       -2        6        4
        6        7        7        2        6        4        4        0        1       10
        5        7       10        6        5       -3        2        4        5        0
        5        7        2       -2        5        5        2        2        2        8
        2        9       11        4        2        0        0        5        3        6
        6        3        7        0        0        2        7       11        1        4
        0        1        4        2        3        6        0        4        1        4
        5        4        5       -2        4        1        7        5        8        4
        4        7        9        3        7        0        3        6        0        5
        3        1        4        3        3        6        6        0        4       -7
        3       -1        4       12        0        1        5        8        3        6
        7        9        8        5        1        5        1        3        2        0
        5        0        1        0        0        5        1        4        6       -1
        7       11       -5       12        8        4       -3       -2       -4        3
        3       10        2        6        2        9        7        2       -2        4
        4       -1        6        1        0        0        2        0        1        1
        2        3       12       11       13       15        9        1        0       -1
      -10      -15      -11       -7      -10       -1        3        0       -2       -2
        6        6        8       17       44       95      151      181      276      234
      158       68       35        6        6        5        4        6        4        4
       -2        1        3        9        1        1        0       -2        2        3
        1        3        2        3        3        0       -2        4        1        4
        5        6        4        4        7        6        2        1        1        2
        0       -3       -2        5        3        1        3       -2        2        3
        2        2       -5        6        2        3        6        0        1        5
        0        3        7        0        3        3        2        7        3       -7
        7        1       -4       -1        5        4        4        1        3        2
        0        2        0        1        2        5        0       -1        1        7
        4        3        4        0       -1        5        2        3        4        0
        0        0        4        2       -1        1        0       -2        3        6
        3        3       -2        0        1        2        2        5       -2        5
        3        1        0       10        2        3        0        0        3        6
        6        0       -3        0        0        2       -1        3        2        4
        0        2        2       -1       -5       -2        4        1        8        3
        2        0        2       -2        1        3        3        0        0        2
       -1        2        3        2        3        5       13       12       34       34
       42       44       56       58       41       24       12        9        9        8
        3        3        2       -4        0       -2       -6      -16      -13       -8
       -4       -2       -7       -2        0       -2        1       -1        2        8
        3        2        1        5        3        8       -2        5        0        2
        0        4        1        3        0       -5       -1        1        3       -7
       -2        1        5        0        0       -1        3        2        0        1
        0        1        1        3        6        2       -1        2        6        2
        3        2        4        2        3        4       -2        5        3       -1
        2       -1        4        4       -1       -2        3        0        7        0
        1       -1        3        2        1        2        2        1        4        2
        4        6        2        3        2        1        0        3        1        5
        1        0       -1        1        6       -1        3        0        1        1
        0        4       -2        2        2        2        1        1        5        2
        0        0        1        0        2        4        1        4        3        0
        1        6        0        2        0        2        0        2        2        0
       -2        1        0        1        2        2        2        5        1        1
        4       -1        2        2        2        0        1        0        7        2
        4        5        0        2        0       -2        1        1       -2        2
        0        3       -1        0        8        9        1        1       -1        3
        3        1        1        6        0        2        0       -1        1        0
        3        1        3        0        5        2       -4       -1        4        1
        0        2        6        4       -3        4        3        5       -1        1
        6        4        2        2       -1        6        5        0        2        5
        1        4        3        2        0        3        2        6        0        6
        7        0        5        0        2        5        1        0        6        3
        1        7        0        5        6       -1        0        1        5        1
        2        6        5        5       -1        6        2        9        7       -4
        4        4        2        3        4        3        3        4        0        5
        7        4        8        1        4        3        7        6        5        4
       -1        2       -2        0        3        3        0        1        5       -3
        3       -3        0        2        3        4        4        1        0        0
        2        1        2        2        0        0        3        4        4        5
        1        3        0        3        6        0        5        1        1       -3
        0        0        2        2        1       -1        7        1        2        0
        4        4        2        6        0        4       -2        4        3        0
        4        3        1        0       -3        1        5        3        3        2
        5        2        3       -1        1        7        0        2        3       -3
        3        3        0        1        3       -2        0        0        2        5
        2        2        7        0        8        3        5        0        2        3
        1        4       -2        1        3        3        2        3        2        0
        1        2        3        8        1       -2        3        1       -1        3
        0        0        3        0       -2       -1        6       -1        0       -6
        2        4        1        5        5        0        5        1        2       -4
        5        0        0        0       -1       -2        9       -2        1        3
        2        0        0        5        3        1        0        1        3        4
        3        0        3        0        1        2        1        2        1        4
        0        5        3        2        0        4        2        0       -2       -2
        2        0        2       -1        0       -1        5       -1        2        4
        2        0        1       -1       -1        5        4       -5       14       -1
        6        5        8        4        0       -2       -1        0       -1        3
       -1        0        1        4        3        4        5       11        6       15
       40       55       91      117      157      158       91       47       25       19
       10        4        0        2        0       -6       -2       -2       -1       -7
       -9      -17      -20      -18       -3       -7       -4       -1        1       -3
        2        1        5        4       -1        0        0        0        1       -3
       -2       -2       -1       -1        1       -1        0        1        4        1
        0        2       -1        0       -1        0       -1        0        0        0
        6       -1        0        0        3       -1        1       -2       -2        0
       -2        3        0        1        1        1        0        0        0        0
        4        0        0        1       -2        2       -1       -2        3        2
        2        0        0        4        1        0        0       -2        0        0
        0       -1        0        1        1       -1       -2        0       -1        1
       -1        0        0        1        2        3        0        2        2        3
        0        1        2        6        0       -1        1       -1        1        1
        0        3       -1        3        4        2        3       -2        1        0
        4       -2        3        4        0        0        0        6       -2       -1
        0        0        1        1        0        3       -1       -1       -2        0
       -1        0        4        2        2        0        0       -1        1        2
        2        1        1        1        3        0        0       -3        0        1
        1       -1        2        2        0        2        0        0        1        0
        0        0        3        7        0        2        0        1        0        2
        1        0        3        1        1        2       -1       -1        0        1
       -2        0        0        1        0        3       -4        2        5       -1
       -1        2        0        1       -1        2        0        0       -3       -1
        0       -1        5        0        2       -1        0        1       -2       -2
        0        1        2        0        2       -5        1        5       -8       -7
        4        2       -1        1        0        2        0        7        3        2
        5        0        3        1       -2        1        0       -1        2        4
        0       -1        4       -2        0        1       -2        3        1        3
        1        0        0       -1        0        0        4        0        2       -2
        2        1        3        0        2        3        0        0        0        0
       -3        0        2       -1        1        1        0        0       -2        0
        0        2       -1        3       -1        1        2        0        0        0
        2        0        1       -1        0        0       -3        0        0        2
        0        2        2        2        1       -2        0        0       -1        3
        3        0        0        1        1        1       -1       -2        0       -1
        2        3        0       -1        2        2       -2       -2        0        5
        4        0       -1        0        1        0        0        1        0        2
        5        4        0        6       -1        0        3        1        4        3
       -2        0        0        0        2        1       -2        2        3        0
       -3        0       -1       -2        1        1        2        0        1       -1
        1        2        3        1        0        4       -1        0        5        0
        0        0        1       -1        0        4        1        0       -2       -2
        4       -1       -1        0        0        0        1        1        0        1
        1       -2        0        0        0        2       -2        0        1       -1
       -1        2        0        1        0        2       -1       -1        0       -2
        2        0        0       -1        0       -2        2        1       -1        5
        1        1        0        2       -2        1        0        3       -1        2
       -3       -1        1        1        1       -2        6        2       -1        1
       -1        0        0        2        2        1       -2        0       -1       -1
        1        4        2        2        8        0       -4        7       -4        1
        1       -2        1        2        1       -1        0       -1        0        2
        0        1        0        1        1        0       -1        0        3        1
        1        1        4        2       -3       -4       10        5        7        5
        5        0        3        4        0       -1        3        1       -2       -1
       -1        2        1        0        4        4        4        0        1        0
        2        0        3        3        1        4        0       -1        0        2
        3       -2       -2        2        3        1        2       -1       -2        1
        1        2        0        0        0        0       -2       -1        0        1
       -1       -1        1        0       -1       -2       -1       -1       -1       -2
       -1        3       -2       -1        3       -1        0       -3       -2        0
        0        4        0        4        2        0        0        2        0        0
        1       -2        4        2        1        0        0        3        2        0
       -1        1        0        3        3        1        1        3        0        1
        0       -1        1        4        3        2        0        0        0        2
        2        1        0        0        0        1       -1       -1        1        0
        1       -1       -2        0        2        0        4       -1        0        0
        0       -2       -1       -1        3       -1        0        0        2       -1
        0       -1        0        2        2        1        3        1       -1        0
        1        4        0        0        0        2        0        2        3        0
       -1        0        0        0        1        4        0       -1       -1       -1
        0        2        1       -1       -3       -1        4        0        1        0
        0       -3       -3       -3       -2        2        2        0       -1        0
       -1       -1       -1        1        0        4        0        1        6        1
        0       -2        2        4        1       -1        0        3        4        5
        2        3        8       -1       -1        1        1        0        3        0
        0       -1       -1        2        2        3        0        6       -3       -2
        0        7        1        1       -2        0       -1        2       -1        2
        0       -1        0        6        0        5       -1        2        1       -2
        3       -1        7        1        0        0       -1       -1        2        0
        3        0       -1        2       -2        0        2        7        1        7
        0        0        1        0        3        1        0        1        0        0
       -1       -1        0        0       -1        0        1        0        0        0
        0        1        3        0        1        0        3       -2        0       -1
        4       -1        2        0        2        0        0        3        1        0
        1        0       -1       -1        2       -5        0        2        1        1
        7        4       -2       -2        0        4       -1        0        0        0
       -2       -2       -1        0        0        6        3        0       -2       -1
       -2        0       -2        2        0        0        0        4        1        0
       -1        1        1        0       -1        1        4        1        0       -1
       -1       -1        0        2        1       -2        0        2        2        2
        2       -1        1       -1        0        0        1        1        4       -2
        4        0       -1       -1        2        3       -1        0       -1        0
        1        1        0        0        1        0       -1       -2        3        3
        1       -3       -1       -2        1        1        2        0       -1        0
        1        0        1        0        1       -1       -1        0        0        1
        0        2        1        7        1        0       -2        1        2        1
        2        1        0        2        0        2       -1        0       -1        2
        1        3        1        0        5       -1        0       -1        0        2
       -1        2        0        3        4        1       -2       -4        1        1
        2       -2       -1        2        3        2        4        1        1        1
       -2       -2        0       -2        0       11       -4       -5        2        5
       -8        9       -3       -1        0        2        2        0        0        1
        3        1       -2        1       -1        2        1        1        0        0
        0        0        2        2        2       11       16       -4       12        8
       -4       11        5       -3        1        2        3       -1        1       -1
       -1        4       -1       -1        1        2        0        0       -2        0
        1        0        3       -1        2       -1        1        2        1        2
        0        1       -1        0       -1        1       -1       -1       -1        1
        0        0        1       -1       -2        2        0       -1        0       -1
       -1        0       -1       -1       -2        0        0        1        1       -1
        0       -1        0        1        2        0       -1        1        0        0
        1        0        1        0        0        0        1       -2        0        0
        0        0        3       -1        2        0        0        0       -2       -3
        4        1        0        1        1       -2        0        1        3        1
        0        0        1        0        0        2        0        0        0        2
       -1        1        0        0        0        0        1        1        0        0
        2        2       -1        0        0        2        4       -2        2       -2
        0        0       -1        3       -1        0        0        1       -1        0
        1       -1        0        0       -1        0       -2        1       -1        0
        0        0        2        3        1       -1       -1        1       -1       -1
        1        0        0        0        4        0        2        1        2        3
        2        3        3        2        4        0        0        1        0        4
        2        0        0        0        0        1        0        5        0       -1
        1       -1       -1        0        2       -1        0        1       -3        0
       -2       -2        1        0        0        0       -2       -1        1        1
        0        3       -1        4        4        2        3        4        0        3
        1        2        0       -2       -1       -1       -2        2       -1       -1
       -1        3        4       -2        0        0        0        3       -1       -2
       -1       -2        0       -2        1        5        2        1       -2       -1
       -2       -1        2        3       -1        0       -2        2       -1        3
        3        0        0        0        2        0        0       -2        0        0
        0        1        0        0       -2        1        3        0        0       -1
       -1        2       -1        1       -1        1        1        0        2        0
        0        2        3       -1        1        0        4        3        0       -3
        5        0        2        0        0        2        3        0       -1        0
        0        0       -3       -1        0        2        0        1        0       -2
        1       -1        1       -1        2        1       -1        0        1        1
       -1        0        2        0        4        0        1       -1        1        0
       -1       -1        0       -1        1       -2        1        3        0        3
        5        2       -2       -1       -1       -2       -2        1       -1        3
        0        2        0        0        4        0        0        0        2       -1
        3        1       -1        0       -2       -1       -2        0        0        0
        3       -1       -2       -1       -1        2        2        2        0        0
        1        1       -1        2        2       -1        0        0       -2        2
        2        0       -1        0        0        0        1        2       -1       -1
        1       -2       -2       -1        1        4        1        5       -1        1
        2        1        0        0        4        0        0        1        1        0
       -2        0       -1        1        0        1        0        1        2       -2
        0        1        2        0        0        0       -4       -1        0        0
        1        1        2       -1       -2        1        2        1       -1       -1
        3        4       -2        0        0        0        1        0       -1        0
        1        1        3       -1        2        2        0        1       -1        1
        3       -1       -2       -2        0       -2       -1       -1        0        3
        0        2        0       -1        0       -4        0       -3        0        3
        0        3        0        0        0       -2       -2        1        1        4
        4        4        5        0        3        2        1        7        6        0
        4        2        5       -1        4        2        2        1        2        1
        2        1        5       -1       -1        1        5        2        6        0
        2        1        0        1        0       -1        0       -2        0        0
        0        2       -1        2        0        1        2       -1       -1        2
        1        3        1        2        0       -1        0        0        2       -1
        0        0        2        0        0        2        0       -1        0       -2
        4       -1        1        0       -2        0        0       -1        0       -1
        1       -2        1       -1       -1        1        0        2       -2        2
       -1       -1        1        0        3        0        0        0        0       -1
        0        2        1        3        1       -1        1        0        1        3
        0        2        0        2        0        0       -1        1        0        0
        2        0        2       -2       -1        0        1       -1       -1        1
        5        0        0        1       -1        0       -1        2       -2        1
        0        0        2        0        1        0        0        0        0        0
        0        0        4       -1        0        0        0        0        0       -1
        1       -2        2        6        1       -1        3        2        1        3
        1       -2        0        3        0        4        0        0        1       -1
        2        3        1        1       -1        0        0        1       -1        0
        1        1       -2        0        3       -1        2        0        1        1
        3        0        1        7        0        3        0        0        0        1
        1       -1        6        0        0        2       -2        0        1        3
       -1        1        2        3        1       -2        2        0        0       -2
        4        4        2        0       -1        4       -3        1        2        2
        5       -1        1        1        0       -2       -2        1        5       -2
       -1        3        0        0       -1        1       -1        1        2        0
        0        0        0        2       -1       -1       -1        3        0       -2
        1        1        2        0        1       -1        1        0        0       -3
        2        1        0        2        1        0        0        0        4        4
        2        0        6        0        0       -1        2       -1        2       -1
        3        1       -4        1       -1        0       -2       -1        0        3
        0        1        3        4        4       -1        4        1        0        0
        0       -1        1        0       -1        1        0        0        0       -1
        5       -1        0        0       -1       -1        4        5        0        1
        0       -1        3        0        6        0        0        1        0       -1
       -1        5        0        0        1        0       -2        2       -2        0
        1        3        0        0        2        0        1        1        0        0
        1        0        3       -2        0        1        1       -2       -2        0
        2        4        1        4        3        4        5        0        0        3
        1        0        0       -1       -2        3        3       -1        3        0
        0        1        0        3        2       -1        0       -1        0        1
        1       -1        0        3        1        1       -3        3        1        1
        0       -1       -1       -2        5        1       -1        0       -1        1
        0        1        1        3       -2       -1        2        1       -3       -2
        2        0        2        1        0        3       -1        3        0        0
        0        1        2        1        0        0       -1        0        1        4
        1        0        0        0        1       -2       -1        0       -2        1
        1        0        1        0        3        4        1        0        3       -1
       -2        0        4        0        0        3        2       -1        1        0
        4       -1        4        0        0        1       -2        2        4        0
        0        3       -1       -2        2        0       -4        5        4        0
        8        7        9        8       17       19       19        6       19        3
        6        2       -7       -6       -1        1       -3        0        1        2
        0        2        3        1        0        2        1        0        0       -1
        0       -2        0        2        2        0        1       -2        0        2
        1        1       -1       -1        3        4        1        0        2        1
        0        2        5        3        1        2        0        3       -2        0
        0       -1        4       -4        0        1        0        1        0        0
        0        0        0        4        1        4        0        2       -1        2
        2        0        4       -2       -1       -3        4        0        1        2
       -1        2        0        0       -1        0        2        0        2       -2
        6        1        6       -1       -2        0        2        0       -1        2
        0        1        0        5        3        0        3        2       -4        1
        1        0        3        0        1        2       -1        0       -3       -1
        4        4        0       -3        0       -2        0       -1        0        2
       -1        2        4        1       -1       -1        2        0        0       -2
        0        2        1        1        0        0       -1        3        1        1
        1        2        0        2       -1        4        4       -2        0        1
        4        0        3        0       -3        0        2       -2        3        2
        2        5        0        3        1        4        4        5        2        3
       -1        1        2        0        2        6       -1        2        5        0
        0        4        0       -1       -1        1        4        0       -4       -2
        1        1        1        2        2        0        1       -1        2        0
        0        2        5       -2        0        4       -1        0        0        0
       -2        2        3        1        0        3       -1       -3        2        3
        3       -1        3        2        0        2        0        1        2        3
        2        0       -1       -1        1        2        1        0        0        3
        2        2        0        2        0       -1        2        0        0        1
        2       -1        3        2        1        1        0        2        1       -2
       -1        0        0        0        1       -1        1        1       -2       -3
       -1        3        0        0        0        0        5       -2        0       -1
        0        3       -1       -4        4        6        1        0       -6        4
        2        3        1        1        5        1        4        1        1        1
        3        4        2        0        2        1        4        2       -1        3
       -2       -1        0       -2        6        1        0        2        0       -1
        2       -3       -1        2        0        2        0        1       -1        4
        4        0        1        0        1       -1        3        7        0       -2
        3        2        3        3        2       -4        0        0        0       -1
        1        1       -1       -1        0        1       -2        0        0        0
       -1       -1        0        2        0       -1        1        0       -1        0
        0       -1       -1        2        4        1        0        2        1       -1
        2        1        1       -1        0       -1        2        2        1        2
       -1        0       -1        1        0       -2       -1        0        4        0
       -1        0        0        0        2        0        0        0       -1        2
       -1        1        3        3        3       -2        2        0        0        0
        2        3        0        5        3        1        1        0       -2       -1
        2        1       -1        2        0        0       -1        1        2       -1
       -1       -1        2        1        0        1        2       -1        0        0
        5       -1        2        0        0       -1        2        2        0       -1
        1       -1        1        2       -2        0        1        2        0        1
       -1        0       -1       -1        0        0        0        0        1        4
        3        1        0       -2        2       -1        3        8        7       10
        0       18       10        4       34       28       32       12       29       29
       17        4        0       15        5        0        0        5        1        0
       -2        2        0       -2       -1        0        0        0        0        1
        0        0        0        1        0        0        1        1        0        0
        0       -1        0        1        0        1        0        0        0        0
        0        0        0        0        0        0        0        2       -1        0
        0        0        0        0        0        0        0        1        0        1
        0        0        0        2        2        0       -1        0        0        0
        0        0        0        0        0        0        0        0        0        0
        0        0        0       -1        0        0        0        0        0        0
        0        1        0        0        0        0        0        0        0        0
        0        0        0       -1        0        0        0        0        0        1
        0        0        0        0        0        0        1        0        0        0
        0        0        0        0        0        0        0        0        0        0
        0       -1        0        0        0        2        1        0        0        1
        0        0        0        0        0        0        0        0        0        0
        0        0        1       -1        0        0        0        0        0        0
        0        1        0        1        0        0        0        3        0        0
        0        0        0        0        0        1        0        0        0        0
        0        0        0        0        1        0       -1        0        0        1
        1        0        0        0        0        1        1        0        0        0
        0        0        0        0        0        0        1        0        0        0
        0        0        0        0        0        0        0       -1        2        0
        1        0       -1        1        1        0        0        0        1        0
        0        1        0        1        0        0        0        0        0        0
        0        0        0        0        2        0        0        1        0        0
        0        1        0        0       -1        1        1        0        0        0
        0        0        0        0        0        0        1        0        0        0
        0        0        0        0        0        0        0        0        0        0
        0        0        0        0        0        1        0        0        0        1
        0        1        1        0       -1       -1        2        0        0        0
        0       -1        0        0        0        0       -1        0        0        0
        0        0        0        0        0       -1        0        0        0        0
        0        0        0        0        0        0        0        0        0        0
        1        0        0        0        0        0        0        0        0        0
        0        1        0        0        0        0        0        0        0        0
        1        0        0        0        0        0        0        0        0        0
        0        1        0        0        0        0        0        0        0        1
        1        1        0        0        0       -1        0       -1        0        3
        0        0        0        0        0        0        0        0        0        0
        0        1        0        0        0        0        0        0        0        0
       -1        0        0       -1        0       -1        0       -1        1        0
        0        0        0        0        0        0        0        1        0        0
        0        0        0        0        0       -1        0        0        0        0
        0        2        1        1        0        0        0        0        1        0
        0        0        0        1        0        0        0        0        0        0
        0        0        0        0        1        1        0        1        1        0
        2        0        0        0        0        0        0       -1        0        1
        0        0        1        2        0        0        1        0        0        0
        0        1        0        0        1        0        0        0        1        0
        0        0        0        0        0        0        0        2        0        0
        0        0        0        0        1        0        0        0        0        2
        0        0        0        0        0        0        0        0        0        0
        0        1        0        0        0        0        0        0        1        0
        0        1        0        0        0        1        1        1       -1        0
        0       -1       -1        0        0        0        0        0        0        1
        1        0        0        0        0        0        0        0        0        0
        0        0        0        0        0        0        0        0        0        2
        1       -1       -1        1        1        0        1        0        1        0
        0        0        0        0        0        1        0        0        0        0
        1        0        0        0        0        0        0        0        1        1
        1        0        0        0        1        0        0        0        1        0
        0        1        0        0        0        1        0        0        1        0
        0        0        0        0        0        0        0        1       -1        0
        0        1        0        1        0        0        0        0        0        0
        0        0        0        0       -1        0        0        0        1        0
        0        0        0        0        1        0        0        1        0        1
        0        0        0        1        0        0        0        0        1        0
        0        0        0       -1        0       -1        0        0       -1        0
        0        0       -1        0        0        0        1        0        0        0
        0        0        0       -1        0        0        0        2        0        0
        0        0        0        0        0        0        0        2        0        0
        0        0        0        0        0        0       -1        0        0        0
        0        0        0        0        0        0        0        1        0        1
        0        0        0        0        1        0       -1        0        1        0
        0        0        0        0        0       -1        0        0        0        0
        0        1        0        2        1        0        0        0        1        0
        0        0        0        1        0        0        0        0        0        1
        0        0        0        0        0        0        1        1        0        0
        0        0        0       -1        0        0        1        0        0        0
        0        0        0        0        0        0        0        0        0        0
        0        0        0        1        0        2        0        0        0       -1
        0        0        0        0        0        0        0        1        0        0
        0        0        0        0        0        0        0        0        2        0
        0        0        1        1        0        0        0        1        0        1
        0        0        0        1        0        0        1       -1        0        0
        2        1        0        0       -1        0        1        0        0        0
        0        0        0        0        0        0        0        0        0        0
        0        1        1        0        0        0        0        1        0        0
        0        2        0        0        2        5        1        1        0        0
        0        0        0        1        0        0        0        0        0        0
        0        0        0        0        0        0        0        0        0        0
        0        0        0        0        0        0        0        0        0        0
        0        0        0        0        0        0        0        0        0        0
        0        0        0        0        0        0        0        0        0        0
        0        0        1        1        0        0        0        0        0        0
        0        1        0        0       -1        0        1        2        0        0
       -1        0        0        0        0        0        0        0        0        2
        0        1        0        0        1        0        0        0        0        1
        0        0        0        0        0        0        0        0        0        0
        1        1        0        0        0        0        0        0        0        0
        0        0        0        0        0        0        0        0        0        0
        0        0        0        0        1        0        0        0        0        0
        0        0        0        0        0        0        1        0        0        0
        0        0        0        0        0        0        0        0        0        0
        0        0        0        0        0        0        1        0        0        0
        0        1        0        0        0        0        0        0        0        0
        0        1        0        0        0        0        0        1        2        0
        0        0        0        0        2        0        0        0        0        0
        1        0        0        0        0        1        0        0        0        1
        0        0        1        0        1        0       -1        0        1        0
        0        0        0        0        0        0        0        0        0        0
        0        1        0        0        1        0        0        0        1        0
        0        0        1        0        0        0        0        0        0        0
        1        0        0        0        0        0        0        0        0        2
        0        0        0        0        0        0        0        0        0        0
        1        0        0        1        0        0        0        0        0        1
        0        0        2        0        0        0        0        0       -1        0
        0        0        0        0        0        1        0        0        1        0
        3        0        0        0        0        0        0        0        0        0
        0        0        0        0        0        0        0        0        1        0
        0        0        0        0        0        0        0        0        1        0
        0        0        0        0        0        0        0        0        0        0
        0        0        0        2        0        1        0        0        0        0
        0        0        0        0        0        0        0        0        0        0
        0        0        0        0        0        0        0        0        0        0
        0        0        0        0        0        0        0        0        0        0
        1        0        2        0        0        0        1        0        0        0
        0        0        0        0        1        0        0        0        1        0
        0        0        0        0        0        0        0        0        0        0
        0        1        1        0        0        0        0        0        0        0
        0        0        0        0        0        1        1        0        0        0
        0        0        0        0        0        0        0        0        0        0
        0        0        0        0        0        0        0        0        0        0
        0        0        0        0        0        0        0        0        0        0
        0        0        0        0        0        0        0        1        0        0
        0        0        0        0        1        0        0        0        0        0
        0        0        0        0        0        0       -1        0        1        0
        0        0        0       -1        0        1        0        1        0        0
        0        0        0        0        0        0        0        0        0        0
        0        0        0        0        0        0        0        0        0        0
        0        1        0        0        0        0        1        0        0        0
        0        0        0        0        0        0        1        0        0        0
        0        0        0        0        0        1        0        0        0        0
        0        0        0        0        0        1        0        0        0        1
        0        0        0        0        0        0        0        0        0        0
        1        1        0        0        1        0        0        0        0        0
        0        1        0        0        0        2        0       -1        0        0
        4        2        1        0        0        0        0        0        0        0
        0        0        0        0        0        0        1        1        0        0
        0        0        0        0        0        0        0        0        0        0
        0        0        0        0        0        0        0        0        1        0
        0        0        0        0        0        1        0        0        0        0
        0        0        0        0        1        0        0        0        0        0
        0        0        0        0        0        0        0        0        0        0
        0        0        1        0        0        0       -1        0        0        0
        0        0        0        0        0        0        0        0        1        0
        0        0        0        0        0        0        1        0        0        0
        0        0        0        0        0        0        0        0        0        1
        0        0        0        0        0        0        0        0        0        0
        0        0        0        0        1        0        0        0        0        0
        0        1        0       -1        0        0        1        0        0        0
        0        1        0        0        0        0        0        0        0        2
        0        0        1        0        1        0        1        0        0        0
        1        0        0        0        0        0        0        0        0        0
        0        0        0        0        0        0        0        0        0        0
        0        0        1        0        0        0        0       -1        0        0
        0        0        0        1        0        0        0        0        0        0
        1        0        0        0        0        0        0        0        0        0
        0        0        0        0        0        0        0        0        0        0
        1        0        0        1        0        0        0        0        0        0
        0        0        1        0        0        0        0        0        0        0
        0        0        0        0        0        0        0        0        0        0
        0        0        0        0        0        0        0        0        0        1
        0        0        0        0        0       -1        0        1        2        0
        0        0        0        0        0        1        0        0        0        0
        0        0        0        0        0        0        0        0        0        0
        0        0        1        0        1        0        0        0        0        1
        0        0        0        0        0        0        0        0        0        0
        0        0        1        0        0        0        0        0        0       -1
        0       -1        0        0       -1        1        1       -1        0        0
        0        0        1        0        0        0        0        0        0        0
        0        0        0        0        0        0        0        0        0        0
        0        0        0        0        0        0        0        0        0        0
        0        0        0        0        0        0        0        1        0        0
        0        0        0        0        0        0        0        0        0        0
        1        0        0        0        0        0        0        0        0        0
        0        0        0        0        0        0        0        0        2        0
        0        0        1        0        0        0        0        0        0        0
        0        0        0        0        0        0        0        0        0        0
        0        0        0        1        0        0        0        0        0        0
        0        0        1        0        0        0        0        1        0        0
       -1        1        0        0        0        0        1        0        0        0
        1        0        0        0        1        0        0        0        0        0
        0        0        0        0        0        0        0        0        0        0
        1        0        0        0        0        0        0        0        0        0
        0        0        0        0        0        0        0        0        0        0
        0        0        0        0        0        0        0        0        0        0
       -1        0        0        0        0        0        0        0        0        0
        0        0        0        0        0        0        0        0        1        0
        1        0        0        0        0        1        0        0        1        0
        0        0        0        0        0        0        0        0        0        0
        0        1        0        0        0        1        1        0        0        1
        0        1        0        0        2        0        0        0        0        0
        0        0        0        0        0        0        0        0        0        0
        1        0        0        0        0        0        0        0        0        0
        1        0        0        0        1        0        0        0        0        0
        0        1        0        1        0        0        1        0        0        0
        0        0        0        0        0        0        1        0        0        0
        0        0        0        1        0        0        0        0        0        0
        1        0        0        1        0        0        0        1        0        0
       -1        0        0        0        0        0        0        0        0        0
        0        0        0        0        0        0        0        0        0        1
        0        0        0        0        0        0        0        0        0        1
        0        0        0        0        0        0        0        0        0        1
        0        0        0        1        0        0        0        0        0        0
        0        0        1        0        0        0        1        0        0        0
        0        0        0        1        0        0        0        0        0        0
        1        0       -1        0        0        0        0        0        0        0
        0        0        0        0        0        0        0        0        0        0
        0        1        0        0        0        0       -1        0        0        0
        0        0        0        0        0        0        0        0        0        0
        0        0        0        0        0        2        0        0        0        1
       -1        0        0        0        1        0        0        1        0        0
        0        0        0        1        0        0        0        0        0        0
        0        0        0        0        0        0        0        0        0        0
        0        0        0        0        0        0        0        0        0        0
        0        0        0        0        0        0        0        0        1        0
        0        0        0        0        0        0        0        0        0        0
        0        0        1        0        0        0        0        0        0        0
        0        0        0        0        0       -1        0        0        1        1
        0        1        0        0        2        5        0        3       -2        0
        1        0        0        0        0        0        0        1        1        0
        0        0        0        0        0        0        0        0        0        0
        0        1        0        0        0        1        0        0        0        0
        0        0        0        0        0        0        0        0        0        0
        0        0        0        0        0        1        0        0        0        0
        0        1        0        0        0        0        0        0        0        0
        0        0        0        0       -1        0        0        0        0        0
        0        0        0        2        0        0        0        0        0        0
        1        0        0        0        0        0        0        0        0        0
        0        0        0        0        1        0        0        0        0        0
       -1        0        0        0        0        0        0        0        0        0
        0        1        0        0        0        0        1        2        0        0
        0        0        0        0        0        1        0        0        0        0
        0        0        0        0        0        0        0        0        0        0
        0        0        0        0        0        1        0        0        0        0
        0        0        0        0        0        0        0        0        1        0
        0        0        0        0        0        0        0        0        0        0
        0        1        0        0        0        0        0        0        0        0
        0        0        0        0        0        0        0        0        1        0
        0        0        0        0        0        0        0        0        0        0
        0        0        1        0        0        0        0        0        1        0
        0        1        0        0        0        0        0        0        0        0
        0        0        2        0        0        0        0        0        0        0
        1        0        0        0        0        0        0        0        0        0
        1        0        0        0        1        0        0        0        0        0
        0        0        0        0        0        0        0        0        0        0
        1        0        0        0        0        0        0        0        1        0
        0        1        0        0        0        0        1        0        0        0
        1        0        0        0        0        0        0        0        0        0
        0       -1        0        1        0        0        0        0        0        0
        0        0        1        0        0        0        0        1        0        0
        0        0        0        0        1        2        0        0        0        0
        0        0        0        0        0        1        0        0        0        0
        0        0        0        0        0        0        0        0        0        0
        0        0        0        0        0        0        0        0        0        0
        0        0        0        0        0        0        0        0        0        0
        0        0        0        0        0        0        0        0        0        0
        0        1        0        0        0        0        0        0        1        1
        0        0        0        0        1        0        0        1       -1        0
        0        0        0        0        0        0        0        0        0        1
        2        0        0        0        0        0        1        0        0        0
        0        0        0        0        0        0        0        0        0        0
        0        0        0        0        0        0        0        0        0        0
        0        0        0        0        0        0        0        0        0        0
        0        0        2        0        0        0        0        0        0        0
        0        0        0        0        0        0        0        1        0        0
        0        0        1        0        0        0        0        0        0        0
        1        0        0        0        0        0        0        0        0        0
        0        0        0        0        0        0        0        0        0        0
        1        0        0        0        0        0        0       -1        0       -1
        1        2        8       -1        5        2        2        4        1        1
        0       -1        0        1       -1        0        0        0        1        0
        0        0        0        0        0        0        0        0        0        0
        0        0        1        0        0        0        0        0        0        0
        0        0        0        0        0        0        0        0        0        0
        0        0        0        0        0        0        0        0        0        0
        0        0        0        0        0        0        0        0        0        0
        0        0        0        0        0        0        1        0        0        0
        0        0        0        0        0        0        0        0        0        0
        0        0        0        0        0        0        0        0        0        0
        0        0        0        0        0        0        0        0        0        0
        0        0        0        0        0        0        0        0        0        0
        0        0        0        0        0        0        0        0        0        0
        0        0        0        0        0        0        0        0        0        0
        0        0        0        0        0        0        0        0        0        0
        0        0        0        0        0        0        0        0        0        1
        0        0        0        0        0        0        0        0        0        0
        0        0        0        0        0        0        0        0        1        0
        0        0        0        0        0        0        0        0        0        0
        0        0        0        0        0        0        0        0        0        1
        0        0        0        0        0        0        0        0        0        0
        0        0        0        0        0        0        0        0        0        0
        0        0        0        0        0        0        0        0        0        0
        0        0        0        0        0        0        0        0        0        0
        0        0        0        0        0        0        0        0        0        0
        0        0        0        0        0        0        0        0        0        0
        0        0        0        0        0        0        0        0        0        0
        0        0        0        0        0        0        0        0        0        0
        0        0        0        0        0        0        0        0        0        0
        0        1        0        0        0        0        0        0        0        0
        0        0        0        0        0        0        0        0        0        0
        0        0        0        0        0        0        0        0        0        0
        0        0        0        0        0        0        0        0        0        0
        0        0        0        0        0        0        0        0        0        0
        1        0        0        0        0        0        0        0        0        0
        0        0        0        0        0        0        0        0        0        0
        0        0        0        0        0        0        0        0        0        0
        0        0        0        0        0        0        0        0        0        0
        0        0        0        1        0        0        0        0        0        0
        0        0        0        0        0        0        0        0        0        0
        0        0        0        0        0        0        0        0        0        0
        0        0        0        0        0        0        0        0        0        0
        0        0        0        0        0        0        0        0        0        0
        0        0        0        0        0        0        0        0        0        0
        0        0        0        0        0        0        0        0        0        0
        0        0        0        0        0        0        0        0        0        0
        0        0        0        0        0        0        0        0        0        0
        0        0        0        0        0        0        0        0        0        0
        0        0        0        0        0        0        1        0        0        0
        0        0        0        0        0        0        0        0        0        0
        0        0        0        0        0        0        0        0        0        0
        0        0        0        0        0        0        0        0        0        0
        0        0        0        0        0        0        0        0        0        0
        0        0        0        0        0        0        0        0        0        0
        0        0        0        0        0        0        0        0        0        0
        0        0        0        0        0        0        0        0        0        0
        0        0        0        0        0        0        0        0        0        0
        0        0        0        0        0        0        0        0        0        0
        0        0        0        0        0        0        0        0        0        0
